SE_SKELETON 0.1;

BONES 94
{
	NAME "Bip01";
	PARENT "";
	LENGTH 0.000000;
	{
		  -0.44455272,0.8949857,0.037070483,0.0, 0.0817754,-0.00066173077,0.9966512,2.45, 0.8920126,0.4460958,-0.072892666,-0.0;
	}
	NAME "Bip01 Pelvis";
	PARENT "Bip01";
	LENGTH 0.171380;
	{
		  -3.5762787E-07,0.99999964,-9.834766E-07,0.0, -0.019370317,5.9604645E-07,0.999812,-0.0, 0.999812,2.9802322E-08,0.01936996,-0.0;
	}
	NAME "Bip01 Spine";
	PARENT "Bip01 Pelvis";
	LENGTH 0.158651;
	{
		  0.99932384,-0.027781896,0.02407579,0.169602, 0.029870108,0.9953821,-0.09122476,0.0244, -0.021430215,0.091882244,0.99553907,0.003274;
	}
	NAME "Bone49";
	PARENT "Bip01 Pelvis";
	LENGTH 0.822923;
	{
		  -0.7986926,-0.57819974,-0.16665906,-0.010254, 0.00062838197,-0.2777635,0.96064925,-0.014963, -0.6017389,0.76715875,0.222211,-0.23714;
	}
	NAME "Bone27";
	PARENT "Bip01 Pelvis";
	LENGTH 0.822923;
	{
		  -0.7986947,0.57819724,-0.16665772,-0.010255, 0.0006317198,0.27776694,0.9606485,-0.014961, 0.6017362,0.7671595,-0.22221601,0.237137;
	}
	NAME "Bip01 Spine1";
	PARENT "Bip01 Spine";
	LENGTH 0.251198;
	{
		  0.9839879,0.17787507,0.011282242,0.158651, -0.17697692,0.982597,-0.056403905,-0.000197, -0.021118753,0.053504094,0.9983438,-1.1E-05;
	}
	NAME "Bip01 L Thigh";
	PARENT "Bip01 Spine";
	LENGTH 0.955759;
	{
		  -0.9971516,-0.061079007,0.044249877,-0.174144, -0.049614992,0.9730722,0.2250988,-0.002738, -0.056807123,0.22226219,-0.9733306,0.18057;
	}
	NAME "Bip01 R Thigh";
	PARENT "Bip01 Spine";
	LENGTH 0.955759;
	{
		  -0.9952108,-0.09760489,0.005362156,-0.166149, -0.0975901,0.9889089,-0.11195995,-0.037015, 0.0056251558,-0.111947045,-0.99369824,-0.190804;
	}
	NAME "Bip01 Spine2";
	PARENT "Bip01 Spine1";
	LENGTH 0.464028;
	{
		  0.99540496,-0.09473439,-0.013953083,0.251197, 0.093633614,0.99346113,-0.06533085,-0.000328, 0.02005092,0.06372416,0.99776626,-2.1E-05;
	}
	NAME "Bone39";
	PARENT "Bip01 Spine1";
	LENGTH 1.085327;
	{
		  -0.26476544,-0.96304893,-0.04935202,0.010949, -0.8201469,0.1979686,0.5368119,-0.20342, -0.5072061,0.1826051,-0.84225726,-0.04324;
	}
	NAME "Bone33";
	PARENT "Bip01 Spine1";
	LENGTH 1.085328;
	{
		  -0.2537601,0.964293,-0.07579115,0.010949, -0.824633,-0.1747216,0.5380076,-0.20342, 0.5055548,0.19902463,0.839525,0.043237;
	}
	NAME "Bip01 Neck";
	PARENT "Bip01 Spine2";
	LENGTH 0.217668;
	{
		  0.806877,-0.5905468,0.014295746,0.45988, 0.57839316,0.7848903,-0.22228101,-0.061903, 0.12004675,0.18762195,0.9748781,-3.3E-05;
	}
	NAME "Bone45";
	PARENT "Bip01 Spine2";
	LENGTH 1.003414;
	{
		  -0.06690425,-0.96101415,-0.26828295,0.359167, -0.66622686,-0.15713257,0.729007,-0.374337, -0.742742,0.22751099,-0.6297405,-0.13214;
	}
	NAME "Bone05";
	PARENT "Bip01 Spine2";
	LENGTH 1.003414;
	{
		  -0.067900896,0.968872,-0.23806883,0.359167, -0.682012,0.12908494,0.719859,-0.374337, 0.7281822,0.211245,0.65201735,0.132144;
	}
	NAME "Bip01 Head";
	PARENT "Bip01 Neck";
	LENGTH 0.368913;
	{
		  0.98785067,-0.15532385,-0.0050762575,0.217668, 0.15515913,0.98759353,-0.02418473,-0.0, 0.008769743,0.02310327,0.9996948,-0.0;
	}
	NAME "Bip01 L Clavicle";
	PARENT "Bip01 Neck";
	LENGTH 0.247480;
	{
		  -0.1540553,-0.5690995,0.80770826,-0.087357, 0.44693452,-0.7691933,-0.45671794,0.137547, 0.88120174,0.29063293,0.3728485,0.088184;
	}
	NAME "Bip01 R Clavicle";
	PARENT "Bip01 Neck";
	LENGTH 0.247480;
	{
		  -0.3079685,-0.59100133,-0.7455691,-0.111668, 0.16326271,-0.8048617,0.5705638,0.099552, -0.937284,0.053992182,0.34436107,-0.10924;
	}
	NAME "Bip01 HeadNub";
	PARENT "Bip01 Head";
	LENGTH 0.100000;
	{
		  1.0,0.0,0.0,0.368913, 0.0,1.0,0.0,-0.0, 0.0,0.0,1.0,-0.0;
	}
	NAME "Bip01 Ponytail1";
	PARENT "Bip01 Head";
	LENGTH 0.159860;
	{
		  -0.5067704,-0.862081,-2.2885536E-06,-0.004917, 0.862081,-0.5067704,-4E-06,0.077386, 2.2885536E-06,-4E-06,0.99999976,0.0;
	}
	NAME "Bip01 Ponytail1Nub";
	PARENT "Bip01 Ponytail1";
	LENGTH 0.100000;
	{
		  0.00079607964,1.0,1.1930297E-09,0.15986, 1.0,-0.000795424,2.998807E-06,-0.0, 2.998807E-06,-1.1930297E-09,-1.0,-0.0;
	}
	NAME "Bip01 L UpperArm";
	PARENT "Bip01 L Clavicle";
	LENGTH 0.382336;
	{
		  0.37082863,0.90747666,-0.19741304,0.24748, -0.7656143,0.17840374,-0.61806685,0.0, -0.52566206,0.38033926,0.76093423,-0.0;
	}
	NAME "Bip01 L Forearm";
	PARENT "Bip01 L UpperArm";
	LENGTH 0.589857;
	{
		  -0.03241998,0.999474,0.0,0.382336, -0.999474,-0.03241998,-0.0,0.0, -0.0,0.0,0.9999993,-0.0;
	}
	NAME "Bip01 L Hand";
	PARENT "Bip01 L Forearm";
	LENGTH 0.048847;
	{
		  0.9915054,-0.126319,0.030978251,0.589857, -0.08977,-0.49230152,0.8657831,-0.0, -0.09411426,-0.86120987,-0.4994595,0.0;
	}
	NAME "Bip01 L Finger0";
	PARENT "Bip01 L Hand";
	LENGTH 0.082380;
	{
		  0.6820462,0.7128876,0.16311258,0.016186, 0.29251558,-0.06151545,-0.95428044,0.007053, -0.6702604,0.69857556,-0.25048685,-0.045544;
	}
	NAME "Bip01 L Finger1";
	PARENT "Bip01 L Hand";
	LENGTH 0.073300;
	{
		  0.74019074,-0.6719179,0.02539391,0.240084, 0.66839814,0.7393762,0.08104184,-0.002877, -0.07322909,-0.043013148,0.9963877,-0.059752;
	}
	NAME "Bip01 L Finger2";
	PARENT "Bip01 L Hand";
	LENGTH 0.074459;
	{
		  0.5705272,-0.8201528,0.04298217,0.243451, 0.82127804,0.5697868,-0.029063914,-0.014789, -0.0006538294,0.051882084,0.9986527,-0.020587;
	}
	NAME "Bip01 L Finger3";
	PARENT "Bip01 L Hand";
	LENGTH 0.081125;
	{
		  0.40375006,-0.91410625,-0.03736598,0.252366, 0.9142207,0.4046651,-0.021148887,-0.028235, 0.03445302,-0.025621887,0.9990783,0.017602;
	}
	NAME "Bip01 L Finger4";
	PARENT "Bip01 L Hand";
	LENGTH 0.063723;
	{
		  0.1243552,-0.9917022,-0.032594997,0.247422, 0.9882678,0.12672639,-0.08524671,0.003338, 0.08867,-0.021611705,0.99582636,0.058337;
	}
	NAME "Bip01 L Finger01";
	PARENT "Bip01 L Finger0";
	LENGTH 0.079250;
	{
		  1.0,0.0,0.0,0.08238, 0.0,1.0,0.0,-0.0, 0.0,0.0,1.0,0.0;
	}
	NAME "Bip01 L Finger02";
	PARENT "Bip01 L Finger01";
	LENGTH 0.085298;
	{
		  1.0,0.0,0.0,0.07925, 0.0,1.0,0.0,0.0, 0.0,0.0,1.0,-0.0;
	}
	NAME "Bip01 L Finger0Nub";
	PARENT "Bip01 L Finger02";
	LENGTH 0.100000;
	{
		  1.0,0.0,0.0,0.085298, 0.0,1.0,0.0,-0.0, 0.0,0.0,1.0,0.0;
	}
	NAME "Bip01 L Finger11";
	PARENT "Bip01 L Finger1";
	LENGTH 0.054403;
	{
		  0.9691739,-0.246378,0.0,0.0733, 0.246378,0.9691739,0.0,-0.0, 0.0,0.0,1.0,-0.0;
	}
	NAME "Bip01 L Finger12";
	PARENT "Bip01 L Finger11";
	LENGTH 0.069945;
	{
		  0.719331,-0.69466794,0.0,0.054403, 0.69466794,0.719331,0.0,0.0, 0.0,0.0,1.0000005,0.0;
	}
	NAME "Bip01 L Finger1Nub";
	PARENT "Bip01 L Finger12";
	LENGTH 0.100000;
	{
		  1.0,0.0,0.0,0.069945, 0.0,1.0,0.0,0.0, 0.0,0.0,1.0,-0.0;
	}
	NAME "Bip01 L Finger21";
	PARENT "Bip01 L Finger2";
	LENGTH 0.044968;
	{
		  0.98651993,-0.16364199,0.0,0.074459, 0.16364199,0.98651993,0.0,0.0, 0.0,0.0,1.0000002,0.0;
	}
	NAME "Bip01 L Finger22";
	PARENT "Bip01 L Finger21";
	LENGTH 0.075333;
	{
		  0.860639,-0.509215,0.0,0.044968, 0.509215,0.860639,0.0,0.0, 0.0,0.0,0.99999964,0.0;
	}
	NAME "Bip01 L Finger2Nub";
	PARENT "Bip01 L Finger22";
	LENGTH 0.100000;
	{
		  1.0,0.0,0.0,0.075333, 0.0,1.0,0.0,-0.0, 0.0,0.0,1.0,-0.0;
	}
	NAME "Bip01 L Finger31";
	PARENT "Bip01 L Finger3";
	LENGTH 0.054426;
	{
		  0.98775196,-0.15603451,0.0,0.081125, 0.15603451,0.98775196,0.0,0.0, 0.0,0.0,1.0000002,-0.0;
	}
	NAME "Bip01 L Finger32";
	PARENT "Bip01 L Finger31";
	LENGTH 0.069945;
	{
		  0.899027,-0.437893,0.0,0.054426, 0.437893,0.899027,0.0,0.0, 0.0,0.0,0.9999999,0.0;
	}
	NAME "Bip01 L Finger3Nub";
	PARENT "Bip01 L Finger32";
	LENGTH 0.100000;
	{
		  1.0,0.0,0.0,0.069945, 0.0,1.0,0.0,0.0, 0.0,0.0,1.0,0.0;
	}
	NAME "Bip01 L Finger41";
	PARENT "Bip01 L Finger4";
	LENGTH 0.056366;
	{
		  0.983397,-0.1814655,0.0,0.063723, 0.1814655,0.983397,0.0,-0.0, 0.0,0.0,0.99999964,0.0;
	}
	NAME "Bip01 L Finger42";
	PARENT "Bip01 L Finger41";
	LENGTH 0.058287;
	{
		  0.949885,-0.3126,0.0,0.056366, 0.3126,0.949885,0.0,0.0, 0.0,0.0,1.0000002,-0.0;
	}
	NAME "Bip01 L Finger4Nub";
	PARENT "Bip01 L Finger42";
	LENGTH 0.100000;
	{
		  1.0,0.0,0.0,0.058287, 0.0,1.0,0.0,-0.0, 0.0,0.0,1.0,0.0;
	}
	NAME "Bip01 R UpperArm";
	PARENT "Bip01 R Clavicle";
	LENGTH 0.382336;
	{
		  0.46781266,0.8827731,0.043171406,0.24748, -0.49591094,0.22174144,0.8395854,-0.0, 0.7315904,-0.4141775,0.5415102,-0.0;
	}
	NAME "Bip01 R Forearm";
	PARENT "Bip01 R UpperArm";
	LENGTH 0.589857;
	{
		  -0.070485055,0.997513,0.0,0.382336, -0.997513,-0.070485055,-0.0,-0.0, -0.0,0.0,1.0000005,-0.0;
	}
	NAME "Bip01 R Hand";
	PARENT "Bip01 R Forearm";
	LENGTH 0.048847;
	{
		  0.9623711,0.09308108,-0.25529787,0.589857, -0.2598609,0.040530086,-0.96479493,-0.0, -0.07945687,0.99483305,0.06319308,-0.0;
	}
	NAME "Bip01 R Finger0";
	PARENT "Bip01 R Hand";
	LENGTH 0.082380;
	{
		  0.73486555,0.6008824,-0.31450406,0.016186, 0.47851837,-0.13075215,0.868288,0.007053, 0.4806169,-0.78857094,-0.38361853,0.045545;
	}
	NAME "Bip01 R Finger1";
	PARENT "Bip01 R Hand";
	LENGTH 0.073301;
	{
		  0.74019074,-0.6719179,-0.02539391,0.240084, 0.66839814,0.7393762,-0.08104184,-0.002878, 0.07322909,0.043013148,0.9963877,0.059752;
	}
	NAME "Bip01 R Finger2";
	PARENT "Bip01 R Hand";
	LENGTH 0.074459;
	{
		  0.5705272,-0.8201528,-0.04298217,0.243451, 0.82127804,0.5697868,0.029063914,-0.014789, 0.0006538294,-0.051882084,0.9986527,0.020588;
	}
	NAME "Bip01 R Finger3";
	PARENT "Bip01 R Hand";
	LENGTH 0.081125;
	{
		  0.40375006,-0.9141058,0.037365977,0.252366, 0.9142202,0.4046651,0.021148875,-0.028235, -0.034453023,0.025621876,0.99907756,-0.017602;
	}
	NAME "Bip01 R Finger4";
	PARENT "Bip01 R Hand";
	LENGTH 0.063723;
	{
		  0.1243552,-0.9917022,0.032594997,0.247422, 0.9882678,0.12672639,0.08524671,0.003338, -0.08867,0.021611705,0.99582636,-0.058336;
	}
	NAME "Bip01 R Finger01";
	PARENT "Bip01 R Finger0";
	LENGTH 0.079250;
	{
		  0.9872811,-0.15898399,0.0,0.08238, 0.15898399,0.9872811,0.0,-0.0, 0.0,0.0,0.9999999,-0.0;
	}
	NAME "Bip01 R Finger02";
	PARENT "Bip01 R Finger01";
	LENGTH 0.085298;
	{
		  0.9872811,-0.15898399,0.0,0.07925, 0.15898399,0.9872811,0.0,0.0, 0.0,0.0,0.9999999,0.0;
	}
	NAME "Bip01 R Finger0Nub";
	PARENT "Bip01 R Finger02";
	LENGTH 0.100000;
	{
		  -5.9604645E-08,0.0,-0.0,0.085298, 0.0,-5.9604645E-08,0.0,0.0, 0.0,-0.0,-5.9604645E-08,0.0;
	}
	NAME "Bip01 R Finger11";
	PARENT "Bip01 R Finger1";
	LENGTH 0.054403;
	{
		  0.9691739,-0.246378,0.0,0.073301, 0.246378,0.9691739,0.0,-0.0, 0.0,0.0,1.0,0.0;
	}
	NAME "Bip01 R Finger12";
	PARENT "Bip01 R Finger11";
	LENGTH 0.069945;
	{
		  0.719331,-0.69466794,0.0,0.054403, 0.69466794,0.719331,0.0,-0.0, -0.0,0.0,1.0000005,0.0;
	}
	NAME "Bip01 R Finger1Nub";
	PARENT "Bip01 R Finger12";
	LENGTH 0.100000;
	{
		  -5.9604645E-08,0.0,-0.0,0.069945, 0.0,-5.9604645E-08,0.0,-0.0, 0.0,-0.0,-5.9604645E-08,0.0;
	}
	NAME "Bip01 R Finger21";
	PARENT "Bip01 R Finger2";
	LENGTH 0.044968;
	{
		  0.98651993,-0.16364199,0.0,0.074459, 0.16364199,0.98651993,0.0,0.0, 0.0,0.0,1.0000002,-0.0;
	}
	NAME "Bip01 R Finger22";
	PARENT "Bip01 R Finger21";
	LENGTH 0.075333;
	{
		  0.860639,-0.509215,0.0,0.044968, 0.509215,0.860639,0.0,-0.0, -0.0,0.0,0.99999964,0.0;
	}
	NAME "Bip01 R Finger2Nub";
	PARENT "Bip01 R Finger22";
	LENGTH 0.100000;
	{
		  -5.9604645E-08,-0.0,0.0,0.075333, 0.0,-5.9604645E-08,0.0,-0.0, -0.0,0.0,-5.9604645E-08,0.0;
	}
	NAME "Bip01 R Finger31";
	PARENT "Bip01 R Finger3";
	LENGTH 0.054426;
	{
		  0.98775196,-0.15603401,0.0,0.081125, 0.15603401,0.98775196,0.0,-0.0, 0.0,0.0,1.0000002,0.0;
	}
	NAME "Bip01 R Finger32";
	PARENT "Bip01 R Finger31";
	LENGTH 0.069945;
	{
		  0.899027,-0.437893,0.0,0.054426, 0.437893,0.899027,0.0,-0.0, 0.0,0.0,0.9999999,0.0;
	}
	NAME "Bip01 R Finger3Nub";
	PARENT "Bip01 R Finger32";
	LENGTH 0.100000;
	{
		  -5.9604645E-08,-0.0,0.0,0.069945, 0.0,-5.9604645E-08,0.0,0.0, -0.0,0.0,-5.9604645E-08,0.0;
	}
	NAME "Bip01 R Finger41";
	PARENT "Bip01 R Finger4";
	LENGTH 0.056366;
	{
		  0.983397,-0.1814655,0.0,0.063723, 0.1814655,0.983397,0.0,0.0, 0.0,0.0,0.99999964,-0.0;
	}
	NAME "Bip01 R Finger42";
	PARENT "Bip01 R Finger41";
	LENGTH 0.058287;
	{
		  0.949885,-0.3126,0.0,0.056366, 0.3126,0.949885,0.0,-0.0, 0.0,0.0,1.0000002,-0.0;
	}
	NAME "Bip01 R Finger4Nub";
	PARENT "Bip01 R Finger42";
	LENGTH 0.100000;
	{
		  -5.9604645E-08,-0.0,0.0,0.058287, 0.0,-5.9604645E-08,0.0,0.0, -0.0,0.0,-5.9604645E-08,0.0;
	}
	NAME "Bone46";
	PARENT "Bone45";
	LENGTH 1.406486;
	{
		  0.99925745,0.03818965,-0.0050994917,1.003414, -0.03797935,0.9986154,0.03639935,-1E-06, 0.0064825094,-0.03617865,0.9993243,-0.0;
	}
	NAME "Bone47";
	PARENT "Bone46";
	LENGTH 0.996856;
	{
		  0.99815977,0.051643807,-0.031779088,1.406486, -0.050187197,0.9977236,0.045042396,-1E-06, 0.03403291,-0.043364607,0.9984795,-0.0;
	}
	NAME "Bone48";
	PARENT "Bone47";
	LENGTH 0.100000;
	{
		  -5.9604645E-08,4.991878E-07,5.00001E-07,0.996856, -4.9918987E-07,-5.9604645E-08,1.9999998E-06,-1E-06, -4.99999E-07,-2.0000002E-06,-5.9604645E-08,1E-06;
	}
	NAME "Bone06";
	PARENT "Bone05";
	LENGTH 1.406486;
	{
		  0.9971379,-0.061563753,-0.04387965,1.003414, 0.05974125,0.9973422,-0.041701883,0.0, 0.046330363,0.038961112,0.99816585,0.0;
	}
	NAME "Bone07";
	PARENT "Bone06";
	LENGTH 0.996856;
	{
		  0.98656094,-0.033088934,0.16000722,1.406486, 0.05431806,0.9900011,-0.13018161,0.0, -0.15409978,0.1371234,0.9784938,-1E-06;
	}
	NAME "Bone08";
	PARENT "Bone07";
	LENGTH 0.100000;
	{
		  0.9971012,-0.076091,-3.8100723E-08,0.996856, 0.076091,0.9971012,1E-06,0.0, -3.8100723E-08,-1E-06,1.0000002,-0.0;
	}
	NAME "Bone40";
	PARENT "Bone39";
	LENGTH 1.882123;
	{
		  0.99912274,0.025080303,-0.03353497,1.085327, -0.028281694,0.9947177,-0.098675065,0.0, 0.030883031,0.09953693,0.9945545,0.0;
	}
	NAME "Bone41";
	PARENT "Bone40";
	LENGTH 1.321441;
	{
		  0.99957466,0.020991914,0.02025898,1.882123, -0.021038089,0.99977684,0.0020688353,-1E-06, -0.020211024,-0.0024941647,0.99979293,-0.0;
	}
	NAME "Bone43";
	PARENT "Bone40";
	LENGTH 1.875486;
	{
		  0.29351044,-0.9558742,0.012501508,1.303797, 0.9528308,0.29358256,0.076960206,0.041926, -0.07723449,-0.010676801,0.9969559,0.008319;
	}
	NAME "Bone42";
	PARENT "Bone41";
	LENGTH 0.100000;
	{
		  -5.9604645E-08,5.066395E-07,2.5331974E-13,1.321441, -5.066395E-07,-5.9604645E-08,5E-07,-2E-06, 2.5331974E-13,-5E-07,-5.9604645E-08,0.0;
	}
	NAME "Bone44";
	PARENT "Bone43";
	LENGTH 0.100000;
	{
		  -5.9604645E-08,-5.000052E-07,3.4999994E-06,1.875486, 4.9999477E-07,-5.9604645E-08,1.5012936E-06,1E-06, -3.5000007E-06,-1.5012902E-06,-5.9604645E-08,-1E-06;
	}
	NAME "Bone34";
	PARENT "Bone33";
	LENGTH 1.882123;
	{
		  0.99957407,-0.00036541885,-0.029184937,1.085328, 0.0017935813,0.998801,0.04892375,-0.0, 0.029132064,-0.04895525,0.99837613,0.0;
	}
	NAME "Bone35";
	PARENT "Bone34";
	LENGTH 1.321441;
	{
		  0.9986141,-0.051873017,-0.0088800695,1.882123, 0.051870983,0.99865353,-0.00045912713,0.0, 0.008891931,-2.1271117E-06,0.9999603,0.0;
	}
	NAME "Bone37";
	PARENT "Bone34";
	LENGTH 1.875488;
	{
		  0.29437363,0.9555977,-0.013307251,1.303798, -0.95563334,0.29447973,0.0068240357,-0.041926, 0.01043975,0.010708036,0.99988806,0.008319;
	}
	NAME "Bone36";
	PARENT "Bone35";
	LENGTH 0.100000;
	{
		  0.949821,0.31279302,0.0,1.321441, -0.31279302,0.949821,0.0,0.0, 0.0,-0.0,0.99999964,-0.0;
	}
	NAME "Bone38";
	PARENT "Bone37";
	LENGTH 0.100000;
	{
		  0.9999999,5.2308895E-08,2.9999999E-06,1.875488, 5.2308895E-08,0.99939203,-0.034861997,0.0, -2.9999999E-06,0.034861997,0.99939203,0.0;
	}
	NAME "Bip01 L Calf";
	PARENT "Bip01 L Thigh";
	LENGTH 0.919523;
	{
		  0.97542083,0.220351,0.0,0.955759, -0.220351,0.97542083,-0.0,0.0, -0.0,0.0,1.0000002,0.0;
	}
	NAME "Bip01 L Foot";
	PARENT "Bip01 L Calf";
	LENGTH 0.330057;
	{
		  0.5518191,0.8315568,0.063321285,0.919523, -0.83355916,0.5523251,0.010804076,-0.0, -0.025989717,-0.05874392,0.99793506,0.0;
	}
	NAME "Bip01 L Toe0";
	PARENT "Bip01 L Foot";
	LENGTH 0.190479;
	{
		  -5.9604645E-08,-0.99999994,0.0,0.096884, 0.99999994,-5.9604645E-08,0.0,0.315518, 0.0,0.0,0.9999999,0.0;
	}
	NAME "Bip01 L Toe0Nub";
	PARENT "Bip01 L Toe0";
	LENGTH 0.100000;
	{
		  -5.9604645E-08,-0.0,0.0,0.190479, 0.0,-5.9604645E-08,0.0,-0.0, -0.0,0.0,-5.9604645E-08,-0.0;
	}
	NAME "Bip01 R Calf";
	PARENT "Bip01 R Thigh";
	LENGTH 0.919523;
	{
		  0.9618479,0.273584,0.0,0.955759, -0.273584,0.9618479,-0.0,0.0, -0.0,0.0,0.99999976,-0.0;
	}
	NAME "Bip01 R Foot";
	PARENT "Bip01 R Calf";
	LENGTH 0.330057;
	{
		  0.6263771,0.77361494,-0.095764115,0.919523, -0.773894,0.6024138,-0.19540954,-0.0, -0.09348212,0.19651145,0.9760344,0.0;
	}
	NAME "Bip01 R Toe0";
	PARENT "Bip01 R Foot";
	LENGTH 0.190479;
	{
		  -5.9604645E-08,-0.99999994,0.0,0.096884, 0.99999994,-5.9604645E-08,0.0,0.315518, 0.0,0.0,0.9999999,-0.0;
	}
	NAME "Bip01 R Toe0Nub";
	PARENT "Bip01 R Toe0";
	LENGTH 0.100000;
	{
		  1.0,0.0,0.0,0.190479, 0.0,1.0,0.0,0.0, 0.0,0.0,1.0,0.0;
	}
	NAME "Bone50";
	PARENT "Bone49";
	LENGTH 1.390171;
	{
		  -5.9604645E-08,0.0,0.0,0.822923, 0.0,-5.9604645E-08,0.0,-0.0, 0.0,0.0,-5.9604645E-08,0.0;
	}
	NAME "Bone51";
	PARENT "Bone50";
	LENGTH 0.100000;
	{
		  1.0,-0.0,0.0,1.390171, 0.0,1.0,0.0,-1E-06, -0.0,0.0,1.0,-0.0;
	}
	NAME "Bone28";
	PARENT "Bone27";
	LENGTH 1.390171;
	{
		  0.99993706,0.011256,0.0,0.822923, -0.011256,0.99993706,-0.0,0.0, -0.0,0.0,1.0000005,-0.0;
	}
	NAME "Bone29";
	PARENT "Bone28";
	LENGTH 0.100000;
	{
		  1.0,-0.0,0.0,1.390171, 0.0,1.0,0.0,-1E-06, -0.0,0.0,1.0,0.0;
	}
}

SE_SKELETON_END;