SE_ANIM 0.1;

SEC_PER_FRAME 0.033333;
FRAMES 51;
ANIM_ID "besurel_dam";

BONEENVELOPES 80
{
	NAME "Bip01"
	DEFAULT_POSE {1,0,0,0, 0,1,0,0, 0,0,1,0;}
	{
	  -0.44015783,0.89498544,0.072544456,0.0, 0.16130963,-0.00066161156,0.98690414,2.45, 0.8833124,0.44609597,-0.14407772,-0.0;
	  -0.4175362,0.9001063,0.1243889,-0.024058, 0.3055197,0.010144711,0.95213205,2.413785, 0.85575795,0.435553,-0.27923542,-0.065416;
	  -0.4389336,0.8848657,0.15604642,-0.03216, 0.37842423,0.02453804,0.9253075,2.398582, 0.81494355,0.46520054,-0.34562433,-0.120015;
	  -0.45971823,0.87069094,0.17480415,-0.034166, 0.4182811,0.038656235,0.9074947,2.392481, 0.7833901,0.49030918,-0.38196445,-0.172106;
	  -0.46002793,0.87093544,0.17275974,-0.031234, 0.42817274,0.04714656,0.9024663,2.395694, 0.7778448,0.48913074,-0.39459944,-0.224452;
	  -0.45463002,0.87592393,0.16145897,-0.031234, 0.42300504,0.052809715,0.9045874,2.395694, 0.783823,0.4795506,-0.39452875,-0.224452;
	  -0.45242178,0.87897116,0.1507459,-0.020046, 0.41105086,0.05552137,0.90992016,2.408956, 0.7914239,0.47363192,-0.38642085,-0.327176;
	  -0.45887446,0.8767696,0.14390558,-0.020046, 0.39092642,0.053786278,0.9188486,2.408956, 0.7978786,0.47789246,-0.36743426,-0.327176;
	  -0.46840906,0.8727691,0.1373558,-0.008824, 0.36367393,0.04877901,0.9302479,2.411122, 0.8051918,0.48568916,-0.34025252,-0.426696;
	  -0.4738506,0.87080187,0.13103348,-0.004857, 0.3414411,0.044523954,0.9388481,2.409485, 0.81171644,0.48961395,-0.31842518,-0.472476;
	  -0.46860158,0.87439317,0.12589392,-0.00504, 0.33431488,0.043616056,0.94145185,2.403994, 0.8177079,0.48325413,-0.31276095,-0.511479;
	  -0.4583884,0.88044274,0.121246934,-0.00751, 0.3341492,0.044317484,0.9414779,2.396082, 0.8235439,0.47207716,-0.31451356,-0.543562;
	  -0.4480189,0.8864677,0.11599195,-0.010072, 0.3344063,0.045839787,0.94131345,2.387975, 0.82912695,0.4605146,-0.3169775,-0.573433;
	  -0.43710142,0.8925861,0.11060101,-0.012963, 0.33556283,0.047749996,0.94080704,2.37955, 0.83447,0.4483418,-0.32039,-0.60059;
	  -0.4293548,0.8969511,0.10551569,-0.015194, 0.33313003,0.04869306,0.941623,2.372397, 0.8394517,0.43944094,-0.3197075,-0.619667;
	  -0.4293548,0.8969511,0.10551569,-0.016517, 0.33313003,0.04869306,0.941623,2.366773, 0.8394517,0.43944094,-0.3197075,-0.631198;
	  -0.42217785,0.9013772,0.09635866,-0.017472, 0.31978986,0.04862535,0.94623995,2.361741, 0.84823364,0.43029606,-0.30877984,-0.639557;
	  -0.42217785,0.9013772,0.09635866,-0.018251, 0.31978986,0.04862535,0.94623995,2.357129, 0.84823364,0.43029606,-0.30877984,-0.645112;
	  -0.4191981,0.9036472,0.08772132,-0.01906, 0.30059385,0.04697156,0.95259523,2.35265, 0.85668933,0.42569473,-0.29132074,-0.648335;
	  -0.4187355,0.9042593,0.08352205,-0.020072, 0.2878708,0.04494691,0.95661414,2.348217, 0.86127305,0.42461196,-0.27913034,-0.649536;
	  -0.4206488,0.90375006,0.079312,-0.021577, 0.26936293,0.040935874,0.96216834,2.343277, 0.866313,0.4260987,-0.26065636,-0.647857;
	  -0.4206488,0.90375006,0.079312,-0.023356, 0.26936293,0.040935874,0.96216834,2.338273, 0.866313,0.4260987,-0.26065636,-0.642525;
	  -0.4279381,0.90102094,0.07092187,-0.024976, 0.22282404,0.029129982,0.97442317,2.334032, 0.8759099,0.4327958,-0.21323538,-0.633927;
	  -0.4271487,0.9016982,0.06696415,-0.024976, 0.20582479,0.024851322,0.97827315,2.334032, 0.88044304,0.4316509,-0.19620728,-0.633927;
	  -0.4222281,0.9042541,0.06362298,-0.026416, 0.19647598,0.022771835,0.98024404,2.330334, 0.884941,0.42638686,-0.18727922,-0.609956;
	  -0.4222281,0.9042541,0.06362298,-0.026416, 0.19647598,0.022771835,0.98024404,2.330334, 0.884941,0.42638686,-0.18727922,-0.609956;
	  -0.4074884,0.91134644,0.058317095,-0.02705, 0.1884006,0.021410108,0.9818589,2.328933, 0.89356506,0.41108316,-0.18042254,-0.581266;
	  -0.39867884,0.91541445,0.055419803,-0.026877, 0.18480751,0.021002531,0.98255014,2.329607, 0.8982768,0.40196392,-0.17754889,-0.564842;
	  -0.38938653,0.91961956,0.051745564,-0.026156, 0.17818543,0.020090818,0.9837915,2.331768, 0.9036746,0.39229533,-0.17168629,-0.546341;
	  -0.380284,0.9236733,0.047029167,-0.024747, 0.16625968,0.018252373,0.98591304,2.335773, 0.90980315,0.38274598,-0.16051072,-0.525926;
	  -0.37166214,0.92748815,0.040410608,-0.022078, 0.14663392,0.015665412,0.9890668,2.342779, 0.91671467,0.37352425,-0.14182341,-0.501789;
	  -0.37166214,0.92748815,0.040410608,-0.018226, 0.14663392,0.015665412,0.9890668,2.352602, 0.91671467,0.37352425,-0.14182341,-0.474358;
	  -0.3533814,0.9351788,0.02369392,-0.013759, 0.09165615,0.009405494,0.99574566,2.364281, 0.930978,0.3540493,-0.089039505,-0.444356;
	  -0.34138125,0.9397902,0.015940338,-0.013759, 0.06149882,0.005411148,0.9980931,2.364281, 0.9379113,0.341711,-0.059642315,-0.444356;
	  -0.32621038,0.9452416,0.010224283,-0.005866, 0.033292502,0.00067830086,0.99944484,2.387805, 0.9447104,0.32636926,-0.03169155,-0.383874;
	  -0.30399573,0.95265,0.006672412,-0.005866, 0.0047370195,-0.0054923296,0.9999737,2.387805, 0.95266163,0.3040194,-0.0028431416,-0.383874;
	  -0.27517056,0.9613829,0.0049467385,-0.005866, -0.02610308,-0.012614369,0.99957997,2.387805, 0.9610412,0.27492613,0.02856648,-0.383874;
	  -0.2458018,0.9693072,0.0050604343,-0.005866, -0.055875808,-0.01938045,0.99824995,2.387805, 0.9677086,0.24508911,0.058925033,-0.383874;
	  -0.22169995,0.97509336,0.00643301,0.003709, -0.08155668,-0.025116563,0.9963518,2.434759, 0.971698,0.22036618,0.08509326,-0.262867;
	  -0.20844746,0.97800004,0.008104175,0.004972, -0.1003499,-0.02962923,0.994511,2.442988, 0.9728719,0.20649004,0.10431838,-0.233245;
	  -0.20770347,0.97814727,0.009394497,0.005524, -0.11401975,-0.033747017,0.99290574,2.448185, 0.9715245,0.20515928,0.11853814,-0.203202;
	  -0.2156043,0.9764253,0.010452479,0.005524, -0.124433726,-0.038089514,0.9914971,2.448185, 0.9685205,0.21247083,0.12971318,-0.203202;
	  -0.22999817,0.9731231,0.011525005,0.004918, -0.12866092,-0.042143106,0.9907931,2.452372, 0.96464896,0.22639802,0.13489604,-0.14345;
	  -0.24904585,0.96840346,0.013085932,0.004253, -0.12378958,-0.04523003,0.99127734,2.452882, 0.96054804,0.24525377,0.13114285,-0.116199;
	  -0.2707653,0.96251464,0.01584971,0.003671, -0.10666621,-0.046361804,0.9932131,2.453312, 0.9567173,0.26723677,0.11522055,-0.092521;
	  -0.29525983,0.95519906,0.020397961,0.00317, -0.076115906,-0.044799507,0.99609184,2.453584, 0.95238,0.2925531,0.08593297,-0.073096;
	  -0.32314754,0.9459644,0.026954979,0.002593, -0.035318613,-0.04051888,0.998554,2.453266, 0.9456891,0.321728,0.046503305,-0.056651;
	  -0.3533401,0.93480873,0.035826474,0.002593, 0.012940705,-0.03340888,0.99935806,2.453266, 0.9354055,0.3535769,-0.00029230118,-0.056651;
	  -0.38372207,0.9222649,0.046738803,0.002593, 0.06410217,-0.023889184,0.99765706,2.453266, 0.9212209,0.38581896,-0.049952745,-0.056651;
	  -0.4128824,0.90886015,0.059175164,0.002593, 0.11444086,-0.012687027,0.9933494,2.453266, 0.9035661,0.41690868,-0.09877205,-0.056651;
	  -0.43999767,0.89507073,0.072461426,4E-06, 0.1610393,-0.00073570013,0.98694795,2.450003, 0.8834413,0.4459241,-0.14381754,-9.6E-05;
	}
	NAME "Bip01 Pelvis"
	DEFAULT_POSE {1,0,0,0, 0,1,0,0, 0,0,1,0;}
	{
	  -3.5762787E-07,0.99999964,-9.834766E-07,-0.0, -0.019370317,5.9604645E-07,0.999812,0.0, 0.999812,2.9802322E-08,0.01936996,0.0;
	  -1.1920929E-07,0.9999999,-9.834766E-07,-0.0, -0.0023821294,9.536743E-07,0.999997,0.0, 0.999997,2.9802322E-08,0.00238204,0.0;
	  0.0,1.0000001,-9.23872E-07,-0.0, -0.013415962,9.536743E-07,0.9999101,0.0, 0.9999101,8.940697E-08,0.013416052,0.0;
	  4.7683716E-07,1.0000005,-9.834766E-07,-0.0, -0.026958495,1.4305115E-06,0.999637,0.0, 0.999637,5.9604645E-08,0.026958942,0.0;
	  -1.1920929E-07,0.99999994,-9.23872E-07,-0.0, -0.033156097,8.34465E-07,0.9994501,0.0, 0.9994501,8.940697E-08,0.033156037,0.0;
	  -1.1920929E-07,0.99999994,-9.23872E-07,-0.0, -0.033156097,8.34465E-07,0.9994501,0.0, 0.9994501,8.940697E-08,0.033156037,0.0;
	  -3.5762787E-07,0.9999997,-9.834766E-07,-0.0, -0.040132344,7.1525574E-07,0.999194,0.0, 0.999194,5.9604645E-08,0.040132046,0.0;
	  2.3841858E-07,1.0000002,-1.0430813E-06,-0.0, -0.04146877,1.1920929E-06,0.99914,0.0, 0.99914,-2.9802322E-08,0.04146886,0.0;
	  -3.5762787E-07,1.0000001,-1.4603138E-06,-0.0, -0.041597843,1.5497208E-06,0.99913454,0.0, 0.99913454,5.364418E-07,0.041597962,0.0;
	  4.7683716E-07,1.0000005,-9.834766E-07,-0.0, -0.042426497,1.4305115E-06,0.9991,0.0, 0.9991001,5.9604645E-08,0.042426944,0.0;
	  -3.5762787E-07,0.99999964,-1.0430813E-06,-0.0, -0.04483536,7.1525574E-07,0.998994,0.0, 0.998994,0.0,0.044834852,0.0;
	  -1.1920929E-07,0.99999994,-9.23872E-07,-0.0, -0.047961175,8.34465E-07,0.9988491,0.0, 0.99884915,1.1920929E-07,0.047961116,0.0;
	  -1.1920929E-07,0.9999997,-1.0728836E-06,-0.0, -0.051106274,7.1525574E-07,0.99869287,0.0, 0.9986929,-8.940697E-08,0.051105976,0.0;
	  -1.1920929E-07,0.9999997,-1.0728836E-06,-0.0, -0.051106274,7.1525574E-07,0.99869287,0.0, 0.9986929,-8.940697E-08,0.051105976,0.0;
	  1.1920929E-07,1.0,-9.536743E-07,-0.0, -0.054660976,1.0728836E-06,0.9985051,0.0, 0.99850506,2.9802322E-08,0.054661036,0.0;
	  -2.9802322E-07,0.9999997,-9.834766E-07,-0.0, -0.053899348,7.1525574E-07,0.99854606,0.0, 0.998546,5.9604645E-08,0.05389905,0.0;
	  0.0,1.0,-1.0430813E-06,-0.0, -0.051751018,1.0728836E-06,0.99866,0.0, 0.99865997,0.0,0.0517509,0.0;
	  0.0,1.0,-1.0430813E-06,-0.0, -0.051751018,1.0728836E-06,0.99866,0.0, 0.99865997,0.0,0.0517509,0.0;
	  3.5762787E-07,0.99999976,-1.4603138E-06,-0.0, -0.046144277,1.3113022E-06,0.9989345,0.0, 0.9989345,-5.066395E-07,0.04614401,0.0;
	  -1.1920929E-07,0.99999976,-1.0430813E-06,-0.0, -0.044121236,8.34465E-07,0.99902594,0.0, 0.99902594,-2.9802322E-08,0.044121027,0.0;
	  -3.5762787E-07,0.99999964,-9.834766E-07,-0.0, -0.042665362,5.9604645E-07,0.99908906,0.0, 0.999089,5.9604645E-08,0.042665005,0.0;
	  2.3841858E-07,1.0000002,-8.940697E-07,-0.0, -0.041491747,1.1920929E-06,0.99913913,0.0, 0.99913913,5.9604645E-08,0.041491985,0.0;
	  -3.5762787E-07,0.9999997,-9.23872E-07,-0.0, -0.04106635,5.9604645E-07,0.9991561,0.0, 0.9991561,1.1920929E-07,0.04106605,0.0;
	  -3.5762787E-07,0.9999996,-1.0430813E-06,-0.0, -0.04188639,5.9604645E-07,0.99912196,0.0, 0.999122,0.0,0.041885972,0.0;
	  -5.9604645E-08,1.0,-9.834766E-07,-0.0, -0.043669015,9.536743E-07,0.999046,0.0, 0.9990461,5.9604645E-08,0.043668985,0.0;
	  -2.3841858E-07,0.9999997,-1.1026859E-06,-0.0, -0.045808256,8.34465E-07,0.99894994,0.0, 0.9989499,-5.9604645E-08,0.04580784,0.0;
	  -1.1920929E-07,1.0,-9.23872E-07,-0.0, -0.048459083,8.34465E-07,0.99882513,0.0, 0.9988251,1.1920929E-07,0.048459053,0.0;
	  1.1920929E-07,1.0000001,-9.834766E-07,-0.0, -0.051656842,1.0728836E-06,0.99866503,0.0, 0.998665,5.9604645E-08,0.05165696,0.0;
	  0.0,1.0,-1.0430813E-06,-0.0, -0.055583984,1.0728836E-06,0.998454,0.0, 0.998454,0.0,0.055583954,0.0;
	  2.3841858E-07,1.0000004,-9.23872E-07,-0.0, -0.060242683,1.1920929E-06,0.9981841,0.0, 0.9981841,1.1920929E-07,0.06024301,0.0;
	  0.0,1.0,-9.834766E-07,-0.0, -0.06704298,9.536743E-07,0.99775004,0.0, 0.99775004,5.9604645E-08,0.06704295,0.0;
	  0.0,1.0,-9.834766E-07,-0.0, -0.06704298,9.536743E-07,0.99775004,0.0, 0.99775004,5.9604645E-08,0.06704295,0.0;
	  3.5762787E-07,1.0000002,-1.013279E-06,-0.0, -0.08525878,1.1920929E-06,0.996359,0.0, 0.99635905,-2.9802322E-08,0.08525896,0.0;
	  -1.1920929E-07,0.99999976,-9.536743E-07,-0.0, -0.09323427,8.34465E-07,0.99564403,0.0, 0.99564403,5.9604645E-08,0.09323406,0.0;
	  2.3841858E-07,1.0000001,-9.834766E-07,-0.0, -0.09812781,1.1920929E-06,0.99517393,0.0, 0.99517393,-2.9802322E-08,0.09812784,0.0;
	  0.0,1.0,-9.536743E-07,-0.0, -0.09940514,9.536743E-07,0.9950471,0.0, 0.99504703,2.9802322E-08,0.09940505,0.0;
	  1.1920929E-07,1.0,-1.013279E-06,-0.0, -0.09816688,1.0728836E-06,0.99517,0.0, 0.99517,0.0,0.09816694,0.0;
	  -3.5762787E-07,0.9999997,-8.940697E-07,-0.0, -0.09532231,5.9604645E-07,0.99544615,0.0, 0.99544615,1.1920929E-07,0.09532201,0.0;
	  -5.9604645E-08,0.9999999,-9.536743E-07,-0.0, -0.09178209,8.34465E-07,0.99577904,0.0, 0.995779,2.9802322E-08,0.09178209,0.0;
	  -5.9604645E-08,0.9999999,-9.536743E-07,-0.0, -0.09178209,8.34465E-07,0.99577904,0.0, 0.995779,2.9802322E-08,0.09178209,0.0;
	  -2.3841858E-07,0.99999964,-9.834766E-07,-0.0, -0.08533439,7.1525574E-07,0.9963521,0.0, 0.9963521,5.9604645E-08,0.08533406,0.0;
	  -2.3841858E-07,0.99999964,-9.834766E-07,-0.0, -0.08533439,7.1525574E-07,0.9963521,0.0, 0.9963521,5.9604645E-08,0.08533406,0.0;
	  1.1920929E-07,1.0000002,-9.23872E-07,-0.0, -0.07829887,1.0728836E-06,0.9969301,0.0, 0.9969301,1.1920929E-07,0.078299046,0.0;
	  -2.9802322E-07,0.99999964,-1.013279E-06,-0.0, -0.07372835,5.9604645E-07,0.997278,0.0, 0.997278,0.0,0.073727965,0.0;
	  3.5762787E-07,1.0000004,-9.23872E-07,-0.0, -0.06805265,1.3113022E-06,0.9976821,0.0, 0.9976821,1.1920929E-07,0.06805301,0.0;
	  3.5762787E-07,1.0000004,-9.23872E-07,-0.0, -0.06805265,1.3113022E-06,0.9976821,0.0, 0.9976821,1.1920929E-07,0.06805301,0.0;
	  3.5762787E-07,1.0000004,-9.23872E-07,-0.0, -0.06805265,1.3113022E-06,0.9976821,0.0, 0.9976821,1.1920929E-07,0.06805301,0.0;
	  3.5762787E-07,1.0000004,-9.23872E-07,-0.0, -0.06805265,1.3113022E-06,0.9976821,0.0, 0.9976821,1.1920929E-07,0.06805301,0.0;
	  -3.5762787E-07,0.99999964,-9.536743E-07,-0.0, -0.036425322,5.9604645E-07,0.999336,0.0, 0.99933606,2.9802322E-08,0.036424994,0.0;
	  4.7683716E-07,1.0000006,-9.23872E-07,-0.0, -0.027798533,1.5497208E-06,0.9996141,0.0, 0.9996141,1.1920929E-07,0.02779913,0.0;
	  -4.172325E-07,0.99999964,-9.834766E-07,-0.0, -0.019420415,5.9604645E-07,0.99981105,0.0, 0.99981105,2.9802322E-08,0.019420028,-0.0;
	}
	NAME "Bip01 Spine"
	DEFAULT_POSE {1,0,0,0, 0,1,0,0, 0,0,1,0;}
	{
	  0.99932384,-0.027781896,0.02407579,0.169602, 0.029870108,0.9953821,-0.09122476,0.0244, -0.021430215,0.091882244,0.99553907,0.003274;
	  0.99826646,-0.027795909,0.051879868,0.169634, 0.03231209,0.99556553,-0.0883469,0.0244, -0.049194127,0.089870095,0.99473774,0.000393;
	  0.99883604,-0.027861092,0.039376035,0.169619, 0.031134907,0.99588287,-0.08513506,0.0244, -0.03684196,0.08626193,0.99559104,0.002265;
	  0.99932265,-0.027828064,0.024080073,0.169619, 0.02973093,0.9961349,-0.08265302,0.0244, -0.021686925,0.083312966,0.99628747,0.002265;
	  0.9993795,-0.027813785,0.021606965,0.169541, 0.029490214,0.99622905,-0.08159472,0.0244, -0.019256031,0.08218129,0.99643123,0.005614;
	  0.99935186,-0.0278177,0.022842893,0.169541, 0.029587306,0.9962598,-0.08118387,0.0244, -0.020499108,0.08180713,0.9964372,0.005614;
	  0.9993228,-0.027819373,0.024078868,0.169541, 0.029694632,0.9962398,-0.08138904,0.0244, -0.021724138,0.08204895,0.9963914,0.005614;
	  0.9993228,-0.027819373,0.024078868,0.169541, 0.029694632,0.9962398,-0.08138904,0.0244, -0.021724138,0.08204895,0.9963914,0.005614;
	  0.9993228,-0.027819373,0.024078868,0.169541, 0.029694632,0.9962398,-0.08138904,0.0244, -0.021724138,0.08204895,0.9963914,0.005614;
	  0.9993228,-0.027819373,0.024078868,0.169541, 0.029694632,0.9962398,-0.08138904,0.0244, -0.021724138,0.08204895,0.9963914,0.005614;
	  0.9993237,-0.027793882,0.0240772,0.169541, 0.029765116,0.99586725,-0.085806176,0.0244, -0.021592803,0.08646481,0.99602103,0.005614;
	  0.9993237,-0.027793882,0.0240772,0.169541, 0.029765116,0.99586725,-0.085806176,0.0244, -0.021592803,0.08646481,0.99602103,0.005614;
	  0.9993237,-0.027793882,0.0240772,0.169541, 0.029765116,0.99586725,-0.085806176,0.0244, -0.021592803,0.08646481,0.99602103,0.005614;
	  0.9993237,-0.027793882,0.0240772,0.169541, 0.029765116,0.99586725,-0.085806176,0.0244, -0.021592803,0.08646481,0.99602103,0.005614;
	  0.9993237,-0.027793882,0.0240772,0.16938, 0.029765116,0.99586725,-0.085806176,0.0244, -0.021592803,0.08646481,0.99602103,0.009261;
	  0.99932396,-0.027785016,0.024076039,0.16938, 0.02972599,0.9959873,-0.084414706,0.0244, -0.021633962,0.08507332,0.9961399,0.009261;
	  0.9993241,-0.027782235,0.024075806,0.16938, 0.029723763,0.99598503,-0.08444072,0.0244, -0.021633193,0.085099265,0.9961376,0.009261;
	  0.9993241,-0.027782235,0.024075806,0.16938, 0.029723763,0.99598503,-0.08444072,0.0244, -0.021633193,0.085099265,0.9961376,0.009261;
	  0.9993241,-0.027782235,0.024075806,0.16938, 0.029723763,0.99598503,-0.08444072,0.0244, -0.021633193,0.085099265,0.9961376,0.009261;
	  0.9993241,-0.027782235,0.024075806,0.16938, 0.029723763,0.99598503,-0.08444072,0.0244, -0.021633193,0.085099265,0.9961376,0.009261;
	  0.9993241,-0.027782235,0.024075806,0.16938, 0.029723763,0.99598503,-0.08444072,0.0244, -0.021633193,0.085099265,0.9961376,0.009261;
	  0.9993241,-0.027782235,0.024075806,0.16938, 0.029723763,0.99598503,-0.08444072,0.0244, -0.021633193,0.085099265,0.9961376,0.009261;
	  0.9993241,-0.027782235,0.024075806,0.169491, 0.029723763,0.99598503,-0.08444072,0.0244, -0.021633193,0.085099265,0.9961376,0.006955;
	  0.9993243,-0.027770875,0.024074858,0.169491, 0.029745126,0.9958552,-0.08595098,0.0244, -0.021588141,0.08660901,0.9960084,0.006955;
	  0.9993243,-0.027770875,0.024074858,0.169491, 0.029745126,0.9958552,-0.08595098,0.0244, -0.021588141,0.08660901,0.9960084,0.006955;
	  0.9993243,-0.027770875,0.024074858,0.169491, 0.029745126,0.9958552,-0.08595098,0.0244, -0.021588141,0.08660901,0.9960084,0.006955;
	  0.9993243,-0.027770875,0.024074858,0.169491, 0.029745126,0.9958552,-0.08595098,0.0244, -0.021588141,0.08660901,0.9960084,0.006955;
	  0.9993243,-0.027770875,0.024074858,0.169491, 0.029745126,0.9958552,-0.08595098,0.0244, -0.021588141,0.08660901,0.9960084,0.006955;
	  0.9993249,-0.027764905,0.024074426,0.169491, 0.02972509,0.99591196,-0.08530299,0.0244, -0.021607568,0.085960984,0.99606454,0.006955;
	  0.99932516,-0.027758269,0.024073908,0.169491, 0.029721728,0.9958991,-0.0854551,0.0244, -0.021603087,0.08611291,0.99605155,0.006955;
	  0.99932504,-0.02775062,0.024073191,0.169252, 0.02972438,0.9958576,-0.08593172,0.0244, -0.02158881,0.08658928,0.9960102,0.011362;
	  0.99932504,-0.02775062,0.024073191,0.169252, 0.02972438,0.9958576,-0.08593172,0.0244, -0.02158881,0.08658928,0.9960102,0.011362;
	  0.99932504,-0.02775062,0.024073191,0.169252, 0.02972438,0.9958576,-0.08593172,0.0244, -0.02158881,0.08658928,0.9960102,0.011362;
	  0.99932504,-0.02775062,0.024073191,0.169252, 0.02972438,0.9958576,-0.08593172,0.0244, -0.02158881,0.08658928,0.9960102,0.011362;
	  0.99932504,-0.02775062,0.024073191,0.169252, 0.02972438,0.9958576,-0.08593172,0.0244, -0.02158881,0.08658928,0.9960102,0.011362;
	  0.99932504,-0.02775062,0.024073191,0.168794, 0.02972438,0.9958576,-0.08593172,0.0244, -0.02158881,0.08658928,0.9960102,0.016851;
	  0.99932504,-0.02775062,0.024073191,0.168794, 0.02972438,0.9958576,-0.08593172,0.0244, -0.02158881,0.08658928,0.9960102,0.016851;
	  0.99932504,-0.02775062,0.024073191,0.168794, 0.02972438,0.9958576,-0.08593172,0.0244, -0.02158881,0.08658928,0.9960102,0.016851;
	  0.99932504,-0.02775062,0.024073191,0.168794, 0.02972438,0.9958576,-0.08593172,0.0244, -0.02158881,0.08658928,0.9960102,0.016851;
	  0.99932504,-0.02775062,0.024073191,0.168794, 0.02972438,0.9958576,-0.08593172,0.0244, -0.02158881,0.08658928,0.9960102,0.016851;
	  0.99932504,-0.02775062,0.024073191,0.169016, 0.02972438,0.9958576,-0.08593172,0.0244, -0.02158881,0.08658928,0.9960102,0.014464;
	  0.99932504,-0.02775062,0.024073191,0.169016, 0.02972438,0.9958576,-0.08593172,0.0244, -0.02158881,0.08658928,0.9960102,0.014464;
	  0.99932504,-0.02775062,0.024073191,0.169016, 0.02972438,0.9958576,-0.08593172,0.0244, -0.02158881,0.08658928,0.9960102,0.014464;
	  0.99932396,-0.027786039,0.024076432,0.169016, 0.029879961,0.9953579,-0.09148823,0.0244, -0.021422569,0.09214577,0.9955151,0.014464;
	  0.9993242,-0.027784925,0.02407606,0.169016, 0.029879075,0.9953569,-0.09150024,0.0244, -0.02142194,0.09215775,0.99551415,0.014464;
	  0.9993242,-0.027784925,0.02407606,0.169016, 0.029879075,0.9953569,-0.09150024,0.0244, -0.02142194,0.09215775,0.99551415,0.014464;
	  0.9993237,-0.027782863,0.024075858,0.169016, 0.029876133,0.99536026,-0.09145976,0.0244, -0.021423142,0.09211723,0.9955175,0.014464;
	  0.9993243,-0.027781941,0.024076007,0.169016, 0.029874064,0.99536574,-0.09140577,0.0244, -0.021424998,0.092063226,0.99552286,0.014464;
	  0.99932384,-0.02778112,0.024076013,0.169016, 0.029871883,0.9953712,-0.09134228,0.0244, -0.021426985,0.09199973,0.99552834,0.014464;
	  0.99932384,-0.02778112,0.024076013,0.169016, 0.029871883,0.9953712,-0.09134228,0.0244, -0.021426985,0.09199973,0.99552834,0.014464;
	  0.99932384,-0.02778189,0.024075797,0.169602, 0.029870113,0.9953821,-0.09122527,0.0244, -0.021430207,0.09188275,0.99553907,0.003283;
	}
	NAME "Bip01 Spine1"
	DEFAULT_POSE {1,0,0,0, 0,1,0,0, 0,0,1,0;}
	{
	  0.9839879,0.17787507,0.011282242,0.158651, -0.17697692,0.982597,-0.056403905,-0.000196, -0.021118753,0.053504094,0.9983438,-1.1E-05;
	  0.9594861,0.28164834,0.0077430694,0.158651, -0.28172666,0.95941603,0.012256054,-0.000196, -0.0039769304,-0.013940947,0.9998945,-1.1E-05;
	  0.9401572,0.33532074,0.060531825,0.158651, -0.33632126,0.94172204,0.0068710186,-0.000196, -0.054700173,-0.026817981,0.99814236,-1.1E-05;
	  0.9258976,0.3624791,0.106407076,0.158614, -0.3635239,0.9315301,-0.010095822,-0.000186, -0.10278092,-0.02933382,0.9942714,6E-06;
	  0.9254252,0.36007982,0.11803313,0.158614, -0.36126417,0.93238735,-0.011953796,-0.000186, -0.11435687,-0.031578794,0.99293816,6E-06;
	  0.9316461,0.3439519,0.117189735,0.158614, -0.34520605,0.93847334,-0.0100678895,-0.000186, -0.11344227,-0.03107489,0.9930589,6E-06;
	  0.93857634,0.32640973,0.11194567,0.158614, -0.32754323,0.94479704,-0.008634709,-0.000186, -0.10858435,-0.02856271,0.99367714,6E-06;
	  0.9454751,0.30962485,0.10104091,0.158614, -0.31036115,0.95057845,-0.008748595,-0.000186, -0.0987561,-0.023087595,0.9948437,6E-06;
	  0.95278096,0.29129598,0.08575803,0.158614, -0.29156902,0.95650125,-0.009602914,-0.000186, -0.08482498,-0.015854914,0.99626935,6E-06;
	  0.95753837,0.27751094,0.078155935,0.158614, -0.27744406,0.96066797,-0.011931771,-0.000186, -0.07839309,-0.0102587715,0.9968699,6E-06;
	  0.9596542,0.26927218,0.08097242,0.158614, -0.26889983,0.9630407,-0.015674945,-0.000186, -0.08220056,-0.0067309444,0.9965931,6E-06;
	  0.9596542,0.26927218,0.08097242,0.158614, -0.26889983,0.9630407,-0.015674945,-0.000186, -0.08220056,-0.0067309444,0.9965931,6E-06;
	  0.96117485,0.2584462,0.096689045,0.158614, -0.25725278,0.96602523,-0.024828753,-0.000186, -0.09982094,-0.0010087546,0.995005,6E-06;
	  0.96117485,0.2584462,0.096689045,0.158614, -0.25725278,0.96602523,-0.024828753,-0.000186, -0.09982094,-0.0010087546,0.995005,6E-06;
	  0.96117485,0.2584462,0.096689045,0.158614, -0.25725278,0.96602523,-0.024828753,-0.000186, -0.09982094,-0.0010087546,0.995005,6E-06;
	  0.96117485,0.2584462,0.096689045,0.158614, -0.25725278,0.96602523,-0.024828753,-0.000186, -0.09982094,-0.0010087546,0.995005,6E-06;
	  0.9595797,0.24865112,0.13183175,0.158614, -0.24582288,0.9685863,-0.037574008,-0.000186, -0.13703324,0.0036479924,0.9905598,6E-06;
	  0.95844936,0.24834298,0.14036363,0.158614, -0.24523105,0.96866727,-0.039327815,-0.000186, -0.14573234,0.0032721832,0.9893193,6E-06;
	  0.95745206,0.24882786,0.14618436,0.158637, -0.24549817,0.9685427,-0.04068605,-0.000194, -0.15170965,0.0030669533,0.9884201,-1E-06;
	  0.95699453,0.24999997,0.14717813,0.158637, -0.24653405,0.9682392,-0.04163702,-0.000194, -0.1529129,0.003561981,0.9882332,-1E-06;
	  0.9570489,0.25332472,0.14101025,0.158637, -0.24988322,0.9673691,-0.041897826,-0.000194, -0.14702272,0.0048621707,0.9891212,-1E-06;
	  0.95738816,0.25858545,0.1286123,0.158637, -0.25534856,0.9659647,-0.041339252,-0.000194, -0.1349247,0.006736748,0.9908328,-1E-06;
	  0.95810914,0.26341885,0.11242079,0.158637, -0.26048714,0.9646373,-0.04028181,-0.000194, -0.1190562,0.009310189,0.99284446,-1E-06;
	  0.9594283,0.2652677,0.09555196,0.158633, -0.2626553,0.9640937,-0.039182972,-0.000193, -0.102515034,0.012496028,0.99465287,-3E-06;
	  0.9614612,0.26395026,0.07696082,0.158633, -0.2617347,0.964401,-0.037761297,-0.000193, -0.08418818,0.016162705,0.99631894,-3E-06;
	  0.9614612,0.26395026,0.07696082,0.158633, -0.2617347,0.964401,-0.037761297,-0.000193, -0.08418818,0.016162705,0.99631894,-3E-06;
	  0.9657247,0.2573702,0.033706054,0.158633, -0.25626382,0.96601236,-0.033894695,-0.000193, -0.04128395,0.024095308,0.9988568,-3E-06;
	  0.9657247,0.2573702,0.033706054,0.158633, -0.25626382,0.96601236,-0.033894695,-0.000193, -0.04128395,0.024095308,0.9988568,-3E-06;
	  0.96862185,0.2484848,-0.005136071,0.158633, -0.24851923,0.968089,-0.032268554,-0.000193, -0.003046071,0.032532446,0.9994657,-3E-06;
	  0.9695114,0.24438308,-0.018013034,0.158633, -0.24487095,0.9689759,-0.033522084,-0.000193, 0.009261967,0.036910914,0.99927557,-3E-06;
	  0.9704046,0.24026501,-0.024247574,0.158633, -0.24105296,0.96977794,-0.037743032,-0.000193, 0.014446428,0.042470954,0.9989934,-3E-06;
	  0.9714738,0.23587093,-0.024578163,0.158633, -0.2367731,0.97054017,-0.044618685,-0.000193, 0.013329839,0.04916532,0.99870205,-3E-06;
	  0.9725871,0.23157299,-0.021180948,0.158633, -0.232386,0.9712148,-0.05233424,-0.000193, 0.008452052,0.055821754,0.9984051,-3E-06;
	  0.9725871,0.23157299,-0.021180948,0.158633, -0.232386,0.9712148,-0.05233424,-0.000193, 0.008452052,0.055821754,0.9984051,-3E-06;
	  0.974226,0.22525206,-0.012039011,0.158633, -0.22556195,0.9722456,-0.062129896,-0.000193, -0.0022900114,0.06324411,0.9979954,-3E-06;
	  0.974226,0.22525206,-0.012039011,0.158633, -0.22556195,0.9722456,-0.062129896,-0.000193, -0.0022900114,0.06324411,0.9979954,-3E-06;
	  0.974705,0.22347632,-0.0030628324,0.158633, -0.22327572,0.973037,-0.057858855,-0.000193, -0.009949833,0.057079144,0.99832046,-3E-06;
	  0.974705,0.22347632,-0.0030628324,0.158633, -0.22327572,0.973037,-0.057858855,-0.000193, -0.009949833,0.057079144,0.99832046,-3E-06;
	  0.9745889,0.22385187,0.008208897,0.158633, -0.22321312,0.9735763,-0.04822439,-0.000193, -0.018787105,0.04516661,0.99880314,-3E-06;
	  0.9745889,0.22385187,0.008208897,0.158633, -0.22321312,0.9735763,-0.04822439,-0.000193, -0.018787105,0.04516661,0.99880314,-3E-06;
	  0.9744228,0.22392792,0.01886772,0.158633, -0.22296211,0.9738661,-0.043271266,-0.000193, -0.02806428,0.037957735,0.9988849,-3E-06;
	  0.9744228,0.22392792,0.01886772,0.158633, -0.22296211,0.9738661,-0.043271266,-0.000193, -0.02806428,0.037957735,0.9988849,-3E-06;
	  0.97387064,0.22506486,0.030366369,0.158633, -0.22374113,0.9737594,-0.04162847,-0.000193, -0.038938634,0.03374653,0.99867177,-3E-06;
	  0.97387064,0.22506486,0.030366369,0.158633, -0.22374113,0.9737594,-0.04162847,-0.000193, -0.038938634,0.03374653,0.99867177,-3E-06;
	  0.9745095,0.2214691,0.03581074,0.158633, -0.21993092,0.97459424,-0.042382114,-0.000193, -0.04428727,0.03342589,0.99845934,-3E-06;
	  0.9745095,0.2214691,0.03581074,0.158633, -0.21993092,0.97459424,-0.042382114,-0.000193, -0.04428727,0.03342589,0.99845934,-3E-06;
	  0.9772469,0.20981978,0.03105886,0.158633, -0.2083102,0.9769914,-0.045772173,-0.000193, -0.03994814,0.038260825,0.99846923,-3E-06;
	  0.9772469,0.20981978,0.03105886,0.158633, -0.2083102,0.9769914,-0.045772173,-0.000193, -0.03994814,0.038260825,0.99846923,-3E-06;
	  0.9772469,0.20981978,0.03105886,0.158633, -0.2083102,0.9769914,-0.045772173,-0.000193, -0.03994814,0.038260825,0.99846923,-3E-06;
	  0.9772469,0.20981978,0.03105886,0.158633, -0.2083102,0.9769914,-0.045772173,-0.000193, -0.03994814,0.038260825,0.99846923,-3E-06;
	  0.9839797,0.17792109,0.011307122,0.158651, -0.17702186,0.9825902,-0.056387976,-0.000196, -0.02114288,0.053483024,0.9983448,-1.1E-05;
	}
	NAME "Bip01 Spine2"
	DEFAULT_POSE {1,0,0,0, 0,1,0,0, 0,0,1,0;}
	{
	  0.99540496,-0.09473439,-0.013953083,0.251198, 0.093633614,0.99346113,-0.06533085,-0.000328, 0.02005092,0.06372416,0.99776626,-2.1E-05;
	  0.9652442,-0.26025692,-0.0238904,0.251252, 0.26037714,0.96550536,0.0020122132,-0.000319, 0.022542605,-0.008162789,0.99971294,3E-06;
	  0.9818139,-0.18249393,-0.052321814,0.251227, 0.18154708,0.9831282,-0.022352187,-0.000325, 0.055518188,0.012446815,0.99838006,-4E-06;
	  0.9929676,-0.090278,-0.07658136,0.251227, 0.086818025,0.9950969,-0.04737289,-0.000325, 0.08048263,0.040391114,0.9959371,-4E-06;
	  0.99295974,-0.08321985,-0.08429581,0.251194, 0.080218144,0.9960376,-0.038397193,-0.000329, 0.08715719,0.031364806,0.99570084,-1E-05;
	  0.9913727,-0.1009284,-0.08362268,0.251194, 0.09962159,0.9948306,-0.01966614,-0.000329, 0.085175306,0.011165859,0.99630296,-1E-05;
	  0.99141407,-0.113214225,-0.065423846,0.251204, 0.11324178,0.99356174,-0.0032990193,-0.000328, 0.06537615,-0.004138019,0.99785185,1E-06;
	  0.99433494,-0.105925076,-0.008802611,0.251204, 0.10599693,0.9943329,0.008141033,-0.000328, 0.007890388,-0.009027965,0.9999279,1E-06;
	  0.99346316,-0.093256265,0.06583335,0.251204, 0.09238273,0.99559164,0.016197372,-0.000328, -0.06705365,-0.010009628,0.997699,1E-06;
	  0.9904653,-0.08754992,0.10636807,0.251195, 0.08625109,0.99613285,0.016759079,-0.000329, -0.10742394,-0.0074249217,0.9941859,2E-06;
	  0.9907185,-0.09164429,0.10038818,0.251195, 0.09109172,0.9957912,0.010084064,-0.000329, -0.10088984,-0.00084593706,0.994897,2E-06;
	  0.9921473,-0.09929211,0.0760587,0.251195, 0.09962792,0.9950247,-0.00062416657,-0.000329, -0.0756183,0.0081968345,0.9971032,2E-06;
	  0.9930855,-0.10935898,0.04267006,0.251195, 0.11001502,0.99384,-0.013334925,-0.000329, -0.04094894,0.017937077,0.9989997,2E-06;
	  0.9926691,-0.12048496,0.009549341,0.251195, 0.120695055,0.9923538,-0.025817852,-0.000329, -0.0063656615,0.026781145,0.9996209,2E-06;
	  0.9912759,-0.13105813,-0.014013084,0.251195, 0.13049385,0.9908111,-0.035568967,-0.000329, 0.018545916,0.033430032,0.9992691,2E-06;
	  0.98960423,-0.14120656,-0.027291985,0.251195, 0.13999444,0.9892553,-0.042145938,-0.000329, 0.032950014,0.03788706,0.998739,2E-06;
	  0.98772454,-0.15188704,-0.03648412,0.251195, 0.15011795,0.9875438,-0.047141813,-0.000329, 0.043189887,0.04108619,0.998222,2E-06;
	  0.98772454,-0.15188704,-0.03648412,0.251195, 0.15011795,0.9875438,-0.047141813,-0.000329, 0.043189887,0.04108619,0.998222,2E-06;
	  0.98379207,-0.17296778,-0.047273796,0.251195, 0.17039622,0.9838996,-0.053909007,-0.000329, 0.055837203,0.044979993,0.9974259,2E-06;
	  0.98379207,-0.17296778,-0.047273796,0.251195, 0.17039622,0.9838996,-0.053909007,-0.000329, 0.055837203,0.044979993,0.9974259,2E-06;
	  0.98379207,-0.17296778,-0.047273796,0.251195, 0.17039622,0.9838996,-0.053909007,-0.000329, 0.055837203,0.044979993,0.9974259,2E-06;
	  0.97818017,-0.20016082,-0.05567079,0.251195, 0.19692822,0.978668,-0.058552884,-0.000329, 0.06620321,0.046312124,0.9967308,2E-06;
	  0.97818017,-0.20016082,-0.05567079,0.251195, 0.19692822,0.978668,-0.058552884,-0.000329, 0.06620321,0.046312124,0.9967308,2E-06;
	  0.97606885,-0.21148096,-0.05063808,0.251195, 0.208571,0.9763329,-0.05719315,-0.000329, 0.06153492,0.045262847,0.99707747,2E-06;
	  0.97605395,-0.21337712,-0.042293005,0.251195, 0.21095589,0.9759321,-0.055263143,-0.000329, 0.05306699,0.045017857,0.99757564,2E-06;
	  0.97605395,-0.21337712,-0.042293005,0.251195, 0.21095589,0.9759321,-0.055263143,-0.000329, 0.05306699,0.045017857,0.99757564,2E-06;
	  0.97674084,-0.21375625,-0.01689284,0.251237, 0.21273272,0.9759023,-0.048571184,-0.000322, 0.026868157,0.043847807,0.99867666,-1.4E-05;
	  0.9771465,-0.21250786,-0.0050191157,0.251237, 0.21206115,0.976177,-0.0459199,-0.000322, 0.014657885,0.04380611,0.9989325,-1.4E-05;
	  0.97760725,-0.21041568,0.0030341956,0.251237, 0.21033631,0.97658813,-0.04510289,-0.000322, 0.0065271957,0.044731114,0.9989778,-1.4E-05;
	  0.97819495,-0.2076402,0.004499271,0.251237, 0.2076188,0.9770721,-0.04716516,-0.000322, 0.005397271,0.04707085,0.9988769,-1.4E-05;
	  0.97918105,-0.20294066,-0.004442782,0.251237, 0.20240434,0.9777858,-0.05447467,-0.000322, 0.015399215,0.052441325,0.99850535,-1.4E-05;
	  0.98029876,-0.19624786,-0.022383846,0.251237, 0.19440915,0.9786769,-0.06630698,-0.000322, 0.034919154,0.060649026,0.9975482,-1.4E-05;
	  0.9809607,-0.18898937,-0.044695698,0.251237, 0.18507561,0.9794886,-0.07967297,-0.000322, 0.058836304,0.069884025,0.9958178,-1.4E-05;
	  0.980952,-0.18274185,-0.065871954,0.251237, 0.17645311,0.9800739,-0.09121439,-0.000322, 0.08122805,0.077853605,0.99365056,-1.4E-05;
	  0.98056805,-0.17875606,-0.080819964,0.251237, 0.17065093,0.98044014,-0.09805468,-0.000322, 0.09676704,0.08235732,0.99189353,-1.4E-05;
	  0.9800401,-0.17777719,-0.08897307,0.251237, 0.16886584,0.9806218,-0.09932096,-0.000322, 0.104905955,0.082314044,0.99106944,-1.4E-05;
	  0.9793961,-0.17891504,-0.09366434,0.251225, 0.16987495,0.980682,-0.09698325,-0.000324, 0.10920667,0.07907378,0.99086916,-2.6E-05;
	  0.9793961,-0.17891504,-0.09366434,0.251225, 0.16987495,0.980682,-0.09698325,-0.000324, 0.10920667,0.07907378,0.99086916,-2.6E-05;
	  0.9785303,-0.1820199,-0.09668278,0.251226, 0.1737461,0.9808426,-0.088092804,-0.000324, 0.11086521,0.0694032,0.9914093,-2.3E-05;
	  0.9785303,-0.1820199,-0.09668278,0.251226, 0.1737461,0.9808426,-0.088092804,-0.000324, 0.11086521,0.0694032,0.9914093,-2.3E-05;
	  0.97907126,-0.17863764,-0.0975071,0.251226, 0.17090134,0.98181105,-0.08269994,-0.000324, 0.1105069,0.06430505,0.99179256,-2.3E-05;
	  0.97907126,-0.17863764,-0.0975071,0.251226, 0.17090134,0.98181105,-0.08269994,-0.000324, 0.1105069,0.06430505,0.99179256,-2.3E-05;
	  0.98074126,-0.17025279,-0.09571073,0.251226, 0.16296221,0.9834256,-0.07948096,-0.000324, 0.10765625,0.062353026,0.9922309,-2.3E-05;
	  0.98074126,-0.17025279,-0.09571073,0.251226, 0.16296221,0.9834256,-0.07948096,-0.000324, 0.10765625,0.062353026,0.9922309,-2.3E-05;
	  0.98381305,-0.15710919,-0.086187735,0.251226, 0.15073483,0.9856411,-0.076094106,-0.000324, 0.096905276,0.061870888,0.9933686,-2.3E-05;
	  0.98381305,-0.15710919,-0.086187735,0.251226, 0.15073483,0.9856411,-0.076094106,-0.000324, 0.096905276,0.061870888,0.9933686,-2.3E-05;
	  0.9881177,-0.13868769,-0.066246785,0.251226, 0.13388331,0.9883648,-0.07217798,-0.000324, 0.075486206,0.062451016,0.9951891,-2.3E-05;
	  0.9881177,-0.13868769,-0.066246785,0.251226, 0.13388331,0.9883648,-0.07217798,-0.000324, 0.075486206,0.062451016,0.9951891,-2.3E-05;
	  0.9881177,-0.13868769,-0.066246785,0.251226, 0.13388331,0.9883648,-0.07217798,-0.000324, 0.075486206,0.062451016,0.9951891,-2.3E-05;
	  0.9881177,-0.13868769,-0.066246785,0.251226, 0.13388331,0.9883648,-0.07217798,-0.000324, 0.075486206,0.062451016,0.9951891,-2.3E-05;
	  0.99539757,-0.09479995,-0.014028817,0.251198, 0.093694046,0.9934548,-0.065339565,-0.000328, 0.020131182,0.06372443,0.9977646,-2.1E-05;
	}
	NAME "Bip01 Neck"
	DEFAULT_POSE {1,0,0,0, 0,1,0,0, 0,0,1,0;}
	{
	  0.806877,-0.5905468,0.014295746,0.45988, 0.57839316,0.7848903,-0.22228101,-0.061903, 0.12004675,0.18762195,0.9748781,-3.3E-05;
	  0.30598783,-0.9512749,-0.03804604,0.459943, 0.91579914,0.30502677,-0.2612861,-0.06182, 0.26015997,0.04510788,0.96451116,-8E-06;
	  0.5117402,-0.85816115,0.041013137,0.459927, 0.8332649,0.48413396,-0.26699185,-0.06185, 0.20926614,0.17080517,0.96282625,-3E-05;
	  0.7926109,-0.6000019,0.108468205,0.459927, 0.60328513,0.7459352,-0.28218323,-0.06185, 0.0884002,0.2890988,0.9532087,-3E-05;
	  0.9475485,-0.29913527,0.11255578,0.459927, 0.31911266,0.9051087,-0.28097004,-0.06185, -0.017827205,0.3021509,0.9530928,-3E-05;
	  0.99432564,0.035836533,0.1001636,0.459771, -0.008128463,0.964393,-0.26434913,-0.061934, -0.10607041,0.26203486,0.9592117,-4.5E-05;
	  0.9580103,0.2740397,0.08437012,0.459771, -0.24672736,0.9377667,-0.24437483,-0.061934, -0.1460879,0.2132972,0.9660033,-4.5E-05;
	  0.9272599,0.3702079,0.055989813,0.459771, -0.34918815,0.9090178,-0.227495,-0.061934, -0.13511619,0.19139604,0.9721681,-4.5E-05;
	  0.9275074,0.37338603,0.017681763,0.459713, -0.36165297,0.9083146,-0.21017022,-0.061924, -0.09453524,0.18853979,0.97750473,-3.3E-05;
	  0.9505408,0.3104897,-0.008227078,0.459713, -0.30580634,0.93091106,-0.19971593,-0.061924, -0.054351076,0.1923541,0.97981894,-3.3E-05;
	  0.9813088,0.19175094,-0.01627489,0.459713, -0.1911771,0.9617002,-0.19642906,-0.061924, -0.02201389,0.19586892,0.98038316,-3.3E-05;
	  0.9994588,0.027406208,-0.018189237,0.459773, -0.030450787,0.98001194,-0.19659425,-0.061937, 0.0124377655,0.19704174,0.98031616,-3.4E-05;
	  0.98791623,-0.15417302,-0.015857216,0.459773, 0.14801198,0.96885586,-0.1985199,-0.061937, 0.04596978,0.19377406,0.9799682,-3.4E-05;
	  0.9467679,-0.32170567,-0.011641104,0.459773, 0.3129473,0.9282645,-0.200969,-0.061937, 0.0754589,0.186628,0.9795282,-3.4E-05;
	  0.8939266,-0.4481358,-0.008335866,0.459773, 0.43723422,0.87597,-0.2037221,-0.061937, 0.09859714,0.17846788,0.9789933,-3.4E-05;
	  0.8458177,-0.5334285,-0.006831344,0.459773, 0.5205216,0.8280213,-0.20841815,-0.061937, 0.11683266,0.17272787,0.978016,-3.4E-05;
	  0.80276704,-0.5962718,-0.005048029,0.459773, 0.58144325,0.7846247,-0.21514715,-0.061937, 0.13224697,0.16977786,0.97656894,-3.4E-05;
	  0.7659278,-0.6429237,-0.001822792,0.459773, 0.62658536,0.74709284,-0.2219072,-0.061937, 0.1440312,0.1688228,0.9750658,-3.4E-05;
	  0.7334634,-0.6797174,0.0038888976,0.459773, 0.6626657,0.7137662,-0.22674079,-0.061937, 0.15134391,0.16888319,0.97394705,-3.4E-05;
	  0.7036449,-0.71043706,0.012779534,0.459773, 0.6939249,0.68320036,-0.22738895,-0.061937, 0.15281454,0.16886908,0.9737203,-3.4E-05;
	  0.67729807,-0.7352342,0.026409201,0.459773, 0.7210428,0.6562376,-0.22237119,-0.061937, 0.14616421,0.1696538,0.974604,-3.4E-05;
	  0.65817904,-0.7515995,0.043573324,0.459773, 0.74112064,0.6366471,-0.2131217,-0.061937, 0.13244133,0.17256533,0.9760536,-3.4E-05;
	  0.6444832,-0.76207894,0.062263303,0.459773, 0.7559499,0.6228341,-0.20153686,-0.061937, 0.1148073,0.1769551,0.9774997,-3.4E-05;
	  0.63513815,-0.76827407,0.079716705,0.459773, 0.766268,0.6137545,-0.19010298,-0.061937, 0.0971247,0.18182598,0.97852266,-3.4E-05;
	  0.628502,-0.7720997,0.094056666,0.459912, 0.77342623,0.6075585,-0.18078703,-0.061872, 0.082440674,0.18637097,0.97901416,-3.2E-05;
	  0.6257963,-0.772684,0.10648288,0.459912, 0.77666104,0.6047009,-0.17645012,-0.061872, 0.071949884,0.19312291,0.978533,-3.2E-05;
	  0.6281116,-0.7689713,0.11899115,0.459912, 0.7755687,0.6063051,-0.1757479,-0.061872, 0.06300014,0.2026751,0.97721744,-3.2E-05;
	  0.63410807,-0.7623982,0.1290587,0.459912, 0.771321,0.6118928,-0.17507492,-0.061872, 0.0545067,0.2105621,0.9760599,-3.2E-05;
	  0.64261234,-0.75425,0.13474517,0.459912, 0.76486796,0.6211722,-0.1706518,-0.061872, 0.045014173,0.21272522,0.9760746,-3.2E-05;
	  0.6521549,-0.74617636,0.13384846,0.459912, 0.7573377,0.63343203,-0.15875785,-0.061872, 0.033677466,0.20490314,0.97820306,-3.2E-05;
	  0.6655475,-0.73613304,0.12310439,0.459912, 0.74610907,0.6519762,-0.13508636,-0.061872, 0.019180391,0.18175569,0.9831567,-3.2E-05;
	  0.6832987,-0.72260916,0.104588196,0.459912, 0.73013175,0.6756152,-0.102233104,-0.061872, 0.0032131933,0.14621893,0.98924696,-3.2E-05;
	  0.7020141,-0.70728195,0.08323908,0.459912, 0.71205604,0.6991252,-0.06481094,-0.061872, -0.012354922,0.10476907,0.99441993,-3.2E-05;
	  0.7176589,-0.6934199,0.06430477,0.459912, 0.6959211,0.7175127,-0.029491864,-0.061872, -0.02568923,0.065916136,0.9974947,-3.2E-05;
	  0.72679174,-0.68488616,0.052006744,0.459912, 0.68591183,0.72767985,-0.0026383959,-0.061872, -0.03603726,0.037589606,0.99864316,-3.2E-05;
	  0.7268977,-0.68509483,0.047588818,0.459896, 0.6852591,0.72813773,0.015342351,-0.061893, -0.04516218,0.02145835,0.99874914,-4E-06;
	  0.7201842,-0.6921338,0.04781536,0.459896, 0.6916683,0.72165895,0.028357644,-0.061893, -0.05413364,0.012649644,0.998454,-4E-06;
	  0.7107681,-0.70166093,0.049802113,0.459896, 0.700751,0.71245694,0.0367799,-0.061893, -0.06128889,0.008756898,0.99808145,-4E-06;
	  0.7028669,-0.70950216,0.050841905,0.459896, 0.70834094,0.7046679,0.04118725,-0.061893, -0.0650491,0.0070642456,0.9978571,-4E-06;
	  0.70074975,-0.71176994,0.048301548,0.459901, 0.7105421,0.7023958,0.042069256,-0.061888, -0.063870445,0.0048402566,0.99794626,-1E-06;
	  0.7056773,-0.7074009,0.04005471,0.459901, 0.706265,0.7068132,0.040072203,-0.061888, -0.056658283,1.1203811E-05,0.99839425,-1E-06;
	  0.71451235,-0.69906366,0.027974844,0.459901, 0.6982074,0.71503866,0.0350241,-0.061888, -0.044487156,-0.0054929014,0.9989952,-1E-06;
	  0.72538495,-0.6881782,0.015097996,0.459901, 0.6877378,0.7254921,0.026041996,-0.061888, -0.028875006,-0.008507003,0.9995471,-1E-06;
