SE_ANIM 0.1;

SEC_PER_FRAME 0.033333;
FRAMES 101;
ANIM_ID "besurel_die";

BONEENVELOPES 80
{
	NAME "Bip01"
	DEFAULT_POSE {1,0,0,0, 0,1,0,0, 0,0,1,0;}
	{
	  -0.44015783,0.89498544,0.072544456,0.0, 0.16130963,-0.00066161156,0.98690414,2.45, 0.8833124,0.44609597,-0.14407772,-0.0;
	  -0.4164154,0.9063772,0.07126239,0.0, 0.18734184,0.008841753,0.98225474,2.45, 0.88966334,0.4223763,-0.17348462,-0.0;
	  -0.39244723,0.91716754,0.069199026,0.065547, 0.2134634,0.017641068,0.9767915,2.249834, 0.89466095,0.39811048,-0.20270526,-0.25811;
	  -0.3753338,0.9244871,0.066697836,0.095966, 0.24114785,0.027916789,0.97008723,2.128706, 0.89497083,0.3801908,-0.23341548,-0.364133;
	  -0.37997115,0.9227185,0.0649032,0.128445, 0.2783184,0.047131658,0.95933175,1.950765, 0.8821342,0.3825821,-0.27471828,-0.437375;
	  -0.39162648,0.9178951,0.064011574,0.158569, 0.3161739,0.068912864,0.94619524,1.751779, 0.8640966,0.39079395,-0.31720233,-0.487585;
	  -0.37345076,0.92566645,0.06063509,0.170734, 0.33322048,0.07285893,0.9400301,1.618007, 0.8657362,0.37126005,-0.33565962,-0.520986;
	  -0.3109995,0.9488865,0.053786755,0.162333, 0.32415745,0.052702665,0.94453347,1.569583, 0.89342076,0.31118453,-0.3239798,-0.544294;
	  -0.2244364,0.9733291,0.04752797,0.144313, 0.3004679,0.022723317,0.9535214,1.556885, 0.92701,0.2282857,-0.2975539,-0.560815;
	  -0.12991756,0.990538,0.044232488,0.121404, 0.26793897,-0.007877886,0.96340406,1.561539, 0.95463645,0.13701501,-0.26437974,-0.571653;
	  -0.04537499,0.99800855,0.04381916,0.09834, 0.23506445,-0.03196585,0.971454,1.565174, 0.9709201,0.05438003,-0.23314583,-0.577911;
	  0.011002183,0.9989848,0.04367709,0.079849, 0.21243024,-0.045018137,0.97613835,1.549417, 0.97711396,-0.0014616549,-0.21271026,-0.580692;
	  0.027215362,0.99883944,0.039741486,0.065421, 0.2092126,-0.04456699,0.9768542,1.511971, 0.9774915,-0.01827085,-0.21018255,-0.579538;
	  0.0122054815,0.9993901,0.03272584,0.052605, 0.21936783,-0.034606814,0.97502863,1.463172, 0.97556627,-0.0047213137,-0.21965599,-0.572285;
	  -0.020234525,0.99944293,0.026520163,0.043223, 0.23088202,-0.021138132,0.9727516,1.403594, 0.9727708,0.025805682,-0.23032635,-0.557485;
	  -0.05607444,0.9981278,0.024407268,0.0391, 0.23219422,-0.010739267,0.97260964,1.333811, 0.9710513,0.06020531,-0.2311579,-0.533688;
	  -0.09557855,0.9950695,0.026459634,0.039829, 0.22145951,-0.0046594143,0.97515774,1.247263, 0.97047365,0.09906331,-0.21992326,-0.497876;
	  -0.14386451,0.9891411,0.030059546,0.043626, 0.20542887,0.0001373291,0.9786724,1.146191, 0.9680406,0.14697158,-0.20321739,-0.45261;
	  -0.19554806,0.980106,0.033956617,0.050404, 0.18566501,0.0029999018,0.98260844,1.041415, 0.9629586,0.19845167,-0.18255818,-0.403444;
	  -0.2431429,0.9692794,0.03713262,0.059806, 0.16468158,0.0035238266,0.9863404,0.948226, 0.95590866,0.24593666,-0.16047943,-0.358011;
	  -0.2817812,0.9586768,0.03921947,0.071878, 0.14405823,0.0018595457,0.9895675,0.877178, 0.94860244,0.2844915,-0.1386292,-0.321682;
	  -0.30223477,0.9523317,0.041457087,0.093522, 0.12428135,-0.003751874,0.9922401,0.855558, 0.9450971,0.30504188,-0.117222905,-0.305748;
	  -0.30904758,0.9500135,0.04431489,0.12291, 0.10259244,-0.013022304,0.9946382,0.874742, 0.9454969,0.31193686,-0.0934397,-0.304523;
	  -0.31443745,0.948169,0.045875907,0.144703, 0.07830599,-0.022254944,0.99668086,0.896468, 0.9460429,0.31698608,-0.067249656,-0.300971;
	  -0.32431543,0.94488907,0.044763893,0.153359, 0.047071874,-0.03114295,0.9984057,0.910448, 0.9447769,0.32590535,-0.034377873,-0.289038;
	  -0.33265615,0.94210154,0.04224488,0.154604, 0.013321519,-0.040097177,0.999107,0.926904, 0.94295406,0.33292195,0.00078845024,-0.274838;
	  -0.33485317,0.94140816,0.040299684,0.151668, -0.013660848,-0.047614396,0.9987724,0.939646, 0.94217134,0.33389163,0.028804302,-0.258277;
	  -0.32977068,0.94316566,0.041119725,0.146099, -0.029637337,-0.053876817,0.9981084,0.946125, 0.94359624,0.32792866,0.045720935,-0.239125;
	  -0.32054734,0.9462325,0.043521225,0.137774, -0.040613532,-0.05963224,0.99739426,0.949867, 0.9463618,0.31794482,0.057545424,-0.21769;
	  -0.30916476,0.94995785,0.044690758,0.127867, -0.04992029,-0.06313902,0.99675536,0.952557, 0.9496974,0.30593058,0.06694245,-0.196897;
	  -0.2970897,0.95393145,0.041857928,0.117113, -0.061386585,-0.062828064,0.9961344,0.956072, 0.95287406,0.29337153,0.07722378,-0.178657;
	  -0.2841835,0.95816326,0.034115314,0.117113, -0.07522479,-0.057754934,0.9954932,0.956072, 0.9558148,0.28033683,0.08849144,-0.178657;
	  -0.26931882,0.96277,0.023266286,0.092583, -0.089730054,-0.049139738,0.9947531,0.965631, 0.9588617,0.265818,0.09962356,-0.150993;
	  -0.26931882,0.96277,0.023266286,0.092583, -0.089730054,-0.049139738,0.9947531,0.965631, 0.9588617,0.265818,0.09962356,-0.150993;
	  -0.23956037,0.9708814,-0.00050383806,0.066637, -0.11913961,-0.028882027,0.9924574,0.975427, 0.96354383,0.23781356,0.12258959,-0.127448;
	  -0.22718251,0.9737983,-0.010263413,0.066637, -0.13402066,-0.020823956,0.99075997,0.975427, 0.9645864,0.22645903,0.1352402,-0.127448;
	  -0.21723378,0.97595465,-0.017972678,0.045445, -0.14869127,-0.014887273,0.9887723,0.984413, 0.9647287,0.21746767,0.14835072,-0.10251;
	  -0.20896876,0.9776108,-0.024681091,0.045445, -0.1630542,-0.009946346,0.986567,0.984413, 0.9642331,0.210186,0.1614821,-0.10251;
	  -0.20200467,0.9789064,-0.030595362,0.028769, -0.17777666,-0.0059295297,0.9840528,0.992697, 0.9631144,0.2042222,0.1752243,-0.077743;
	  -0.19589126,0.9799662,-0.035966843,0.028769, -0.19369179,-0.0027108192,0.9810592,0.992697, 0.9613069,0.19914782,0.1903429,-0.077743;
	  -0.19026291,0.9808787,-0.040940344,0.013256, -0.21146426,-0.00022399426,0.97738516,1.00012, 0.95868766,0.19461715,0.20746279,-0.050121;
	  -0.18615544,0.9814707,-0.045403898,0.013256, -0.23066533,0.0012632608,0.97303236,1.00012, 0.95506006,0.19160834,0.226156,-0.050121;
	  -0.18380976,0.98172426,-0.04930532,0.013256, -0.25082684,0.0016546249,0.9680303,1.00012, 0.9504207,0.19030029,0.24593842,-0.050121;
	  -0.18380976,0.98172426,-0.04930532,-0.007699, -0.25082684,0.0016546249,0.9680303,1.009631, 0.9504207,0.19030029,0.24593842,-0.003986;
	  -0.17854297,0.9823433,-0.05589491,-0.015172, -0.29584792,0.0005815029,0.955235,1.012142, 0.93840104,0.18708697,0.29052043,0.014379;
	  -0.17854297,0.9823433,-0.05589491,-0.015172, -0.29584792,0.0005815029,0.955235,1.012142, 0.93840104,0.18708697,0.29052043,0.014379;
	  -0.16468811,0.9844862,-0.060534954,-0.0334, -0.34683275,-0.00034737587,0.93792677,1.015737, 0.9233551,0.17546079,0.3415091,0.058654;
	  -0.16468811,0.9844862,-0.060534954,-0.043638, -0.34683275,-0.00034737587,0.93792677,1.017316, 0.9233551,0.17546079,0.3415091,0.083562;
	  -0.1440624,0.9875976,-0.062423527,-0.054779, -0.4024944,-0.0008510947,0.9154219,1.018219, 0.9040155,0.15700287,0.39762497,0.111041;
	  -0.13081741,0.9894541,-0.062189966,-0.067216, -0.4337508,-0.0007144213,0.9010327,1.017926, 0.8914859,0.14484581,0.42927003,0.142245;
	  -0.11489606,0.99150413,-0.06098342,-0.081515, -0.468872,-6.914139E-06,0.88326645,1.015897, 0.8757616,0.13007748,0.46488953,0.178779;
	  -0.093200564,0.99449337,-0.047923535,-0.101571, -0.5132568,-0.0067445636,0.85820854,1.015553, 0.8531594,0.10458258,0.51105905,0.227737;
	  -0.052034795,0.99756056,-0.046530217,-0.131258, -0.58246034,0.007531047,0.8128241,0.992409, 0.8111918,0.06939703,0.58064747,0.312418;
	  0.038112998,0.99608207,-0.07980168,-0.174104, -0.6693089,0.084745884,0.7381356,0.94057, 0.74200636,0.025279552,0.6699166,0.438236;
	  0.14558363,0.9829451,-0.11235693,-0.221715, -0.74917483,0.18370318,0.6363882,0.872073, 0.64617515,-0.00847277,0.7631419,0.584759;
	  0.19158721,0.9740892,-0.12018664,-0.255597, -0.82559186,0.2261647,0.5169603,0.772225, 0.53074735,0.0001822114,0.84753036,0.736493;
	  0.122447014,0.985683,-0.115910545,-0.268075, -0.9135789,0.15757477,0.3748911,0.608077, 0.38778847,0.059989095,0.91979384,0.900133;
	  -0.012361884,0.9921384,-0.12453541,-0.266627, -0.9755527,0.015362859,0.21922895,0.414367, 0.21941862,0.12420094,0.9676933,1.066987;
	  -0.13946992,0.9808057,-0.13626605,-0.254281, -0.98747545,-0.12750912,0.09291758,0.276297, 0.07375893,0.14751859,0.98630524,1.197658;
	  -0.24118072,0.9624398,-0.12466563,-0.22526, -0.97043324,-0.24043524,0.02121938,0.244652, -0.009551633,0.12609738,0.99197185,1.266908;
	  -0.33598584,0.936773,-0.09782712,-0.185435, -0.9404929,-0.3392899,-0.018863007,0.270911, -0.05086212,0.08566798,0.99502516,1.298022;
	  -0.40623176,0.91049033,-0.077350356,-0.1547, -0.91012245,-0.4107139,-0.054690856,0.295976, -0.08156436,0.048181143,0.9955027,1.322142;
	  -0.45075405,0.8899526,-0.069318734,-0.138657, -0.88473135,-0.45572668,-0.09779322,0.300713, -0.11862173,0.017247774,0.9927895,1.352857;
	  -0.48129797,0.8742422,-0.06366384,-0.128495, -0.86316466,-0.48534018,-0.1392546,0.304839, -0.15264085,-0.012070604,0.98820853,1.380743;
	  -0.5022977,0.86258334,-0.06039238,-0.121711, -0.8457647,-0.5046357,-0.17327772,0.308247, -0.1799426,-0.03595929,0.9830203,1.40298;
	  -0.5174688,0.8536131,-0.059755206,-0.115907, -0.832882,-0.51845884,-0.19366992,0.310769, -0.19629979,-0.050449096,0.9792452,1.416342;
	  -0.52995825,0.84576696,-0.06182857,-0.109503, -0.8236311,-0.5307056,-0.19995898,0.312804, -0.20193143,-0.055046,0.977852,1.419948;
	  -0.53920496,0.83961886,-0.06556019,-0.103415, -0.81786114,-0.5406194,-0.19706286,0.314564, -0.20090082,-0.052638113,0.97819614,1.416656;
	  -0.54368806,0.8363872,-0.06971217,-0.098874, -0.8162667,-0.54626864,-0.18788102,0.315669, -0.19522285,-0.04524497,0.9797149,1.409437;
	  -0.5419321,0.8372191,-0.07330631,-0.097023, -0.8194369,-0.5457565,-0.17513734,0.315763, -0.18663572,-0.03484267,0.9818114,1.401101;
	  -0.53223073,0.84323436,-0.07540825,-0.099106, -0.8279138,-0.5370255,-0.16174817,0.31446, -0.17688775,-0.02365584,0.98394704,1.394601;
	  -0.5114595,0.85590935,-0.07634361,-0.106009, -0.8435137,-0.5170289,-0.14548445,0.31069, -0.16399337,-0.01001253,0.9864106,1.389782;
	  -0.4799857,0.87386435,-0.07729989,-0.117014, -0.8650227,-0.48611623,-0.12420601,0.304641, -0.1461159,0.0072490014,0.98924184,1.384641;
	  -0.4799857,0.87386435,-0.07729989,-0.117014, -0.8650227,-0.48611623,-0.12420601,0.304641, -0.1461159,0.0072490014,0.98924184,1.384641;
	  -0.4024288,0.91199505,-0.0794709,-0.145675, -0.90925086,-0.40828067,-0.08105138,0.292399, -0.106364906,0.039641615,0.993536,1.374742;
	  -0.36533433,0.9274648,-0.07962395,-0.160747, -0.9264541,-0.3705939,-0.06590094,0.289411, -0.09062895,0.049692057,0.9946444,1.370544;
	  -0.33119887,0.9403945,-0.07723474,-0.177305, -0.9400364,-0.33592272,-0.0590527,0.29067, -0.08147774,0.053045303,0.99526227,1.366802;
	  -0.2966745,0.95224327,-0.072229125,-0.177305, -0.95185465,-0.30096978,-0.05822393,0.29067, -0.07718212,0.05147807,0.99568725,1.366802;
	  -0.26259065,0.9626341,-0.0661926,-0.215032, -0.96200895,-0.26649815,-0.059306424,0.300479, -0.07473059,0.048104573,0.9960424,1.361145;
	  -0.22936463,0.9714278,-0.060987003,-0.231056, -0.97076416,-0.23286378,-0.05823113,0.304233, -0.070769005,0.04584787,0.996438,1.360374;
	  -0.1956811,0.9789942,-0.057269603,-0.2439, -0.97859985,-0.19872576,-0.053394247,0.305608, -0.0636536,0.045595746,0.9969306,1.361844;
	  -0.1956811,0.9789942,-0.057269603,-0.254898, -0.97859985,-0.19872576,-0.053394247,0.305956, -0.0636536,0.045595746,0.9969306,1.365072;
	  -0.13134575,0.99001694,-0.051129274,-0.263688, -0.990175,-0.1335131,-0.04155974,0.305987, -0.04797128,0.04516826,0.99782634,1.368906;
	  -0.108608186,0.99292594,-0.047981486,-0.269877, -0.99312705,-0.11049509,-0.03859278,0.306402, -0.043621488,0.043460228,0.9981022,1.372178;
	  -0.09472793,0.994545,-0.043659836,-0.27323, -0.9945309,-0.09648192,-0.03998457,0.307473, -0.043978833,0.03963343,0.9982451,1.375151;
	  -0.087764144,0.9953954,-0.03854377,-0.273962, -0.9950037,-0.08944702,-0.04435237,0.308797, -0.04759577,0.034458634,0.9982724,1.378252;
	  -0.08621496,0.99569124,-0.034146853,-0.272578, -0.9949327,-0.08782768,-0.048941687,0.310084, -0.05172985,0.02975431,0.9982178,1.380625;
	  -0.088557124,0.9955568,-0.03200181,-0.269558, -0.9946253,-0.09011328,-0.050988574,0.31105, -0.053645812,0.02731442,0.998186,1.381415;
	  -0.09643221,0.99479586,-0.03290355,-0.264221, -0.99398607,-0.097971976,-0.04892755,0.311671, -0.051896546,0.027987447,0.998261,1.379534;
	  -0.09643221,0.99479586,-0.03290355,-0.264221, -0.99398607,-0.097971976,-0.04892755,0.311671, -0.051896546,0.027987447,0.998261,1.379534;
	  -0.09643221,0.99479586,-0.03290355,-0.248214, -0.99398607,-0.097971976,-0.04892755,0.312219, -0.051896546,0.027987447,0.998261,1.371865;
	  -0.13825524,0.9894269,-0.043813072,-0.240813, -0.9894752,-0.13989913,-0.036971558,0.312004, -0.042710066,0.038240444,0.99835515,1.369792;
	  -0.13825524,0.9894269,-0.043813072,-0.234116, -0.9894752,-0.13989913,-0.036971558,0.310916, -0.042710066,0.038240444,0.99835515,1.371322;
	  -0.15805823,0.98590684,-0.054817658,-0.228074, -0.9862132,-0.16037488,-0.04078203,0.309238, -0.048998658,0.04761598,0.9976628,1.374955;
	  -0.16347212,0.9848071,-0.05858591,-0.224431, -0.98517996,-0.16608381,-0.042860918,0.308125, -0.05193991,0.050711073,0.9973624,1.377476;
	  -0.16347212,0.9848071,-0.05858591,-0.224431, -0.98517996,-0.16608381,-0.042860918,0.308125, -0.05193991,0.050711073,0.9973624,1.377476;
	  -0.16594344,0.9843051,-0.060050014,-0.222816, -0.98471695,-0.16866195,-0.043422375,0.307742, -0.05286901,0.051926624,0.9972502,1.378235;
	  -0.16594344,0.9843051,-0.060050014,-0.222816, -0.98471695,-0.16866195,-0.043422375,0.307742, -0.05286901,0.051926624,0.9972502,1.378235;
	  -0.16594344,0.9843051,-0.060050014,-0.222816, -0.98471695,-0.16866195,-0.043422375,0.307742, -0.05286901,0.051926624,0.9972502,1.378235;
	  -0.16594344,0.9843051,-0.060050014,-0.222816, -0.98471695,-0.16866195,-0.043422375,0.307742, -0.05286901,0.051926624,0.9972502,1.378235;
	  -0.16347212,0.9848071,-0.05858591,-0.22443, -0.98517996,-0.16608381,-0.042860918,0.308125, -0.05193991,0.050711073,0.9973624,1.377476;
	}
	NAME "Bip01 Pelvis"
	DEFAULT_POSE {1,0,0,0, 0,1,0,0, 0,0,1,0;}
	{
	  -3.5762787E-07,0.99999964,-9.834766E-07,-0.0, -0.019370317,5.9604645E-07,0.999812,0.0, 0.999812,2.9802322E-08,0.01936996,0.0;
	  -3.5762787E-07,0.99999964,-9.834766E-07,-0.0, -0.019370317,5.9604645E-07,0.999812,0.0, 0.999812,2.9802322E-08,0.01936996,0.0;
	  2.3841858E-07,1.0000002,-9.834766E-07,-0.0, -0.033165842,1.1920929E-06,0.9994501,0.0, 0.9994501,5.9604645E-08,0.03316605,0.0;
	  -2.3841858E-07,0.99999976,-1.013279E-06,-0.0, -0.03454128,7.1525574E-07,0.999403,0.0, 0.999403,-2.9802322E-08,0.03454101,0.0;
	  3.5762787E-07,1.0000005,-9.834766E-07,-0.0, -0.025113642,1.4305115E-06,0.99968505,0.0, 0.99968505,5.9604645E-08,0.02511406,0.0;
	  -3.5762787E-07,0.9999996,-1.0430813E-06,-0.0, -0.010160387,5.9604645E-07,0.999948,0.0, 0.999948,-2.9802322E-08,0.010159969,0.0;
	  0.0,1.0,-9.536743E-07,-0.0, -9.536743E-07,9.536743E-07,1.0,0.0, 1.0,0.0,9.536743E-07,0.0;
	  0.0,1.0,-9.536743E-07,-0.0, -9.536743E-07,9.536743E-07,1.0,0.0, 1.0,0.0,9.536743E-07,0.0;
	  -1.1920929E-07,0.9999998,-9.834766E-07,-0.0, 0.0031082034,8.34465E-07,0.999995,0.0, 0.999995,-5.9604645E-08,-0.0031083822,0.0;
	  -1.1920929E-07,0.9999998,-9.834766E-07,-0.0, 0.0031082034,8.34465E-07,0.999995,0.0, 0.999995,-5.9604645E-08,-0.0031083822,0.0;
	  1.1920929E-07,1.0000002,-1.013279E-06,-0.0, 0.00068980455,1.1920929E-06,0.99999994,0.0, 0.99999994,5.9604645E-08,-0.00068962574,0.0;
	  1.1920929E-07,1.0000002,-1.013279E-06,-0.0, 0.00068980455,1.1920929E-06,0.99999994,0.0, 0.99999994,5.9604645E-08,-0.00068962574,0.0;
	  1.1920929E-07,1.0000002,-1.013279E-06,-0.0, 0.00068980455,1.1920929E-06,0.99999994,0.0, 0.99999994,5.9604645E-08,-0.00068962574,0.0;
	  1.1920929E-07,1.0000002,-1.013279E-06,-0.0, 0.00068980455,1.1920929E-06,0.99999994,0.0, 0.99999994,5.9604645E-08,-0.00068962574,0.0;
	  1.1920929E-07,1.0000002,-1.013279E-06,-0.0, 0.00068980455,1.1920929E-06,0.99999994,0.0, 0.99999994,5.9604645E-08,-0.00068962574,0.0;
	  1.1920929E-07,1.0000002,-1.013279E-06,-0.0, 0.00068980455,1.1920929E-06,0.99999994,0.0, 0.99999994,5.9604645E-08,-0.00068962574,0.0;
	  1.1920929E-07,1.0000002,-1.013279E-06,-0.0, 0.00068980455,1.1920929E-06,0.99999994,0.0, 0.99999994,5.9604645E-08,-0.00068962574,0.0;
	  1.1920929E-07,1.0000002,-1.013279E-06,-0.0, 0.00068980455,1.1920929E-06,0.99999994,0.0, 0.99999994,5.9604645E-08,-0.00068962574,0.0;
	  1.1920929E-07,1.0000002,-1.013279E-06,-0.0, 0.00068980455,1.1920929E-06,0.99999994,0.0, 0.99999994,5.9604645E-08,-0.00068962574,0.0;
	  1.1920929E-07,1.0000002,-1.013279E-06,-0.0, 0.00068980455,1.1920929E-06,0.99999994,0.0, 0.99999994,5.9604645E-08,-0.00068962574,0.0;
	  0.0,1.0,-9.536743E-07,-0.0, -9.536743E-07,9.536743E-07,1.0,0.0, 1.0,0.0,9.536743E-07,0.0;
	  0.0,1.0,-9.536743E-07,-0.0, -9.536743E-07,9.536743E-07,1.0,0.0, 1.0,0.0,9.536743E-07,0.0;
	  0.0,1.0,-9.536743E-07,-0.0, -9.536743E-07,9.536743E-07,1.0,0.0, 1.0,0.0,9.536743E-07,0.0;
	  0.0,1.0,-9.536743E-07,-0.0, -9.536743E-07,9.536743E-07,1.0,0.0, 1.0,0.0,9.536743E-07,0.0;
	  0.0,0.99999994,-1.013279E-06,-0.0, -0.0002810359,9.536743E-07,0.99999994,0.0, 0.99999994,-5.9604645E-08,0.0002809763,0.0;
	  0.0,0.99999994,-1.013279E-06,-0.0, -0.0002810359,9.536743E-07,0.99999994,0.0, 0.99999994,-5.9604645E-08,0.0002809763,0.0;
	  0.0,1.0,-9.536743E-07,-0.0, -9.536743E-07,9.536743E-07,1.0,0.0, 1.0,0.0,9.536743E-07,0.0;
	  0.0,1.0,-9.536743E-07,-0.0, -9.536743E-07,9.536743E-07,1.0,0.0, 1.0,0.0,9.536743E-07,0.0;
	  -2.9802322E-07,0.99999964,-9.23872E-07,-0.0, 0.0030213892,4.7683716E-07,0.9999951,0.0, 0.9999951,-8.940697E-08,-0.0030217767,0.0;
	  -2.9802322E-07,0.99999964,-9.23872E-07,-0.0, 0.0030213892,4.7683716E-07,0.9999951,0.0, 0.9999951,-8.940697E-08,-0.0030217767,0.0;
	  0.0,0.99999994,-9.23872E-07,-0.0, 0.008808076,8.34465E-07,0.99996114,0.0, 0.99996114,-8.940697E-08,-0.008808136,0.0;
	  0.0,0.99999994,-9.23872E-07,-0.0, 0.008808076,8.34465E-07,0.99996114,0.0, 0.99996114,-8.940697E-08,-0.008808136,0.0;
	  -1.1920929E-07,0.9999999,-9.834766E-07,-0.0, 0.020531207,8.34465E-07,0.9997891,0.0, 0.9997891,-2.9802322E-08,-0.020531297,0.0;
	  -1.1920929E-07,0.9999999,-9.834766E-07,-0.0, 0.020531207,8.34465E-07,0.9997891,0.0, 0.9997891,-2.9802322E-08,-0.020531297,0.0;
	  -3.5762787E-07,0.99999964,-9.536743E-07,-0.0, 0.032876372,5.9604645E-07,0.999459,0.0, 0.9994591,-2.9802322E-08,-0.03287673,0.0;
	  -3.5762787E-07,0.99999964,-9.536743E-07,-0.0, 0.032876372,5.9604645E-07,0.999459,0.0, 0.9994591,-2.9802322E-08,-0.03287673,0.0;
	  2.3841858E-07,1.0000002,-9.536743E-07,-0.0, 0.036632776,1.1920929E-06,0.99932903,0.0, 0.99932903,0.0,-0.036632538,0.0;
	  -2.3841858E-07,0.9999998,-1.0430813E-06,-0.0, 0.035062134,8.34465E-07,0.99938494,0.0, 0.999385,0.0,-0.035062313,0.0;
	  0.0,1.0,-1.0430813E-06,-0.0, 0.032246947,1.0728836E-06,0.99947995,0.0, 0.99948,0.0,-0.032246947,0.0;
	  -2.9802322E-07,0.99999976,-1.013279E-06,-0.0, 0.028899312,7.1525574E-07,0.99958205,0.0, 0.99958205,-5.9604645E-08,-0.02889955,0.0;
	  0.0,1.0,-9.23872E-07,-0.0, 0.025761038,9.536743E-07,0.9996681,0.0, 0.9996681,-8.940697E-08,-0.025761068,0.0;
	  4.7683716E-07,1.0000005,-9.834766E-07,-0.0, 0.022948533,1.4305115E-06,0.99973714,0.0, 0.99973714,-2.9802322E-08,-0.022948027,0.0;
	  0.0,1.0000002,-1.1026859E-06,-0.0, 0.019963741,1.3113022E-06,0.9998009,0.0, 0.9998009,8.940697E-08,-0.019963503,0.0;
	  -5.9604645E-08,0.9999999,-9.23872E-07,-0.0, 0.01665917,7.1525574E-07,0.9998611,0.0, 0.9998611,-8.940697E-08,-0.01665932,0.0;
	  -4.7683716E-07,1.0,-5.066395E-07,-0.0, 0.012918025,4.7683716E-07,0.99991655,0.0, 0.99991655,4.4703484E-07,-0.012918055,0.0;
	  -4.7683716E-07,1.0,-5.066395E-07,-0.0, 0.012918025,4.7683716E-07,0.99991655,0.0, 0.99991655,4.4703484E-07,-0.012918055,0.0;
	  0.0,0.9999999,-9.23872E-07,-0.0, 0.004204124,8.34465E-07,0.99999106,0.0, 0.99999106,-8.940697E-08,-0.0042042136,0.0;
	  1.1920929E-07,1.0000001,-9.536743E-07,-0.0, -0.00052186847,1.0728836E-06,1.0,0.0, 1.0,0.0,0.0005220175,0.0;
	  -2.3841858E-07,0.99999934,-1.4603138E-06,-0.0, -0.005794704,8.34465E-07,0.9999826,0.0, 0.9999826,-4.4703484E-07,0.0057940483,0.0;
	  -2.3841858E-07,0.99999934,-1.4603138E-06,-0.0, -0.005794704,8.34465E-07,0.9999826,0.0, 0.9999826,-4.4703484E-07,0.0057940483,0.0;
	  -2.3841858E-07,0.99999976,-9.834766E-07,-0.0, -0.019530267,7.1525574E-07,0.999809,0.0, 0.999809,2.9802322E-08,0.019530058,0.0;
	  2.3841858E-07,1.0000001,-9.536743E-07,-0.0, -0.037757844,1.0728836E-06,0.999287,0.0, 0.99928707,2.9802322E-08,0.037757993,0.0;
	  -3.5762787E-07,0.99999964,-8.940697E-07,-0.0, -0.04979539,5.9604645E-07,0.9987591,0.0, 0.9987591,5.9604645E-08,0.04979515,0.0;
	  0.0,1.0,-1.013279E-06,-0.0, -0.037117004,9.536743E-07,0.9993109,0.0, 0.9993109,-5.9604645E-08,0.037117004,0.0;
	  -1.1920929E-07,0.9999998,-1.013279E-06,-0.0, -0.015865147,8.34465E-07,0.99987394,0.0, 0.99987394,-5.9604645E-08,0.015864968,0.0;
	  0.0,1.0,-9.536743E-07,-0.0, -9.536743E-07,9.536743E-07,1.0,0.0, 1.0,0.0,9.536743E-07,0.0;
	  -1.1920929E-06,0.9999993,-1.5199184E-06,-0.0, 0.003688693,8.34465E-07,0.9999925,0.0, 0.9999925,5.066395E-07,-0.0036894083,0.0;
	  -1.1920929E-06,0.9999993,-1.5199184E-06,-0.0, 0.003688693,8.34465E-07,0.9999925,0.0, 0.9999925,5.066395E-07,-0.0036894083,0.0;
	  0.0,1.0,-9.536743E-07,-0.0, -9.536743E-07,9.536743E-07,1.0,0.0, 1.0,0.0,9.536743E-07,0.0;
	  0.0,1.0,-9.536743E-07,-0.0, -9.536743E-07,9.536743E-07,1.0,0.0, 1.0,0.0,9.536743E-07,0.0;
	  0.0,1.0,-9.536743E-07,-0.0, -9.536743E-07,9.536743E-07,1.0,0.0, 1.0,0.0,9.536743E-07,0.0;
	  0.0,1.0,-9.536743E-07,-0.0, -9.536743E-07,9.536743E-07,1.0,0.0, 1.0,0.0,9.536743E-07,0.0;
	  0.0,1.0,-9.536743E-07,-0.0, -9.536743E-07,9.536743E-07,1.0,0.0, 1.0,0.0,9.536743E-07,0.0;
	  0.0,1.0,-9.536743E-07,-0.0, -9.536743E-07,9.536743E-07,1.0,0.0, 1.0,0.0,9.536743E-07,0.0;
	  0.0,0.9999995,-1.4305115E-06,-0.0, -1.4305115E-06,9.536743E-07,0.9999995,0.0, 0.9999995,-4.7683716E-07,9.536743E-07,0.0;
	  0.0,0.9999995,-1.4305115E-06,-0.0, -1.4305115E-06,9.536743E-07,0.9999995,0.0, 0.9999995,-4.7683716E-07,9.536743E-07,0.0;
	  0.0,0.9999995,-1.4305115E-06,-0.0, -1.4305115E-06,9.536743E-07,0.9999995,0.0, 0.9999995,-4.7683716E-07,9.536743E-07,0.0;
	  0.0,0.9999995,-1.4305115E-06,-0.0, -1.4305115E-06,9.536743E-07,0.9999995,0.0, 0.9999995,-4.7683716E-07,9.536743E-07,0.0;
	  0.0,0.9999995,-1.4305115E-06,-0.0, -1.4305115E-06,9.536743E-07,0.9999995,0.0, 0.9999995,-4.7683716E-07,9.536743E-07,0.0;
	  0.0,0.9999995,-1.4305115E-06,-0.0, -1.4305115E-06,9.536743E-07,0.9999995,0.0, 0.9999995,-4.7683716E-07,9.536743E-07,0.0;
	  0.0,0.9999995,-1.4305115E-06,-0.0, -1.4305115E-06,9.536743E-07,0.9999995,0.0, 0.9999995,-4.7683716E-07,9.536743E-07,0.0;
	  0.0,0.9999995,-1.4305115E-06,-0.0, -1.4305115E-06,9.536743E-07,0.9999995,0.0, 0.9999995,-4.7683716E-07,9.536743E-07,0.0;
	  0.0,0.9999995,-1.4305115E-06,-0.0, -1.4305115E-06,9.536743E-07,0.9999995,0.0, 0.9999995,-4.7683716E-07,9.536743E-07,0.0;
	  0.0,0.9999995,-1.4305115E-06,-0.0, -1.4305115E-06,9.536743E-07,0.9999995,0.0, 0.9999995,-4.7683716E-07,9.536743E-07,0.0;
	  0.0,0.9999995,-1.4305115E-06,-0.0, -1.4305115E-06,9.536743E-07,0.9999995,0.0, 0.9999995,-4.7683716E-07,9.536743E-07,0.0;
	  0.0,0.9999995,-1.4305115E-06,-0.0, -1.4305115E-06,9.536743E-07,0.9999995,0.0, 0.9999995,-4.7683716E-07,9.536743E-07,0.0;
	  0.0,0.9999995,-1.4305115E-06,-0.0, -1.4305115E-06,9.536743E-07,0.9999995,0.0, 0.9999995,-4.7683716E-07,9.536743E-07,0.0;
	  0.0,0.9999995,-1.4305115E-06,-0.0, -1.4305115E-06,9.536743E-07,0.9999995,0.0, 0.9999995,-4.7683716E-07,9.536743E-07,0.0;
	  0.0,0.9999995,-1.4305115E-06,-0.0, -1.4305115E-06,9.536743E-07,0.9999995,0.0, 0.9999995,-4.7683716E-07,9.536743E-07,0.0;
	  0.0,0.9999995,-1.4305115E-06,-0.0, -1.4305115E-06,9.536743E-07,0.9999995,0.0, 0.9999995,-4.7683716E-07,9.536743E-07,0.0;
	  0.0,0.9999995,-1.4305115E-06,-0.0, -1.4305115E-06,9.536743E-07,0.9999995,0.0, 0.9999995,-4.7683716E-07,9.536743E-07,0.0;
	  0.0,0.9999995,-1.4305115E-06,-0.0, -1.4305115E-06,9.536743E-07,0.9999995,0.0, 0.9999995,-4.7683716E-07,9.536743E-07,0.0;
	  0.0,0.9999995,-1.4305115E-06,-0.0, -1.4305115E-06,9.536743E-07,0.9999995,0.0, 0.9999995,-4.7683716E-07,9.536743E-07,0.0;
	  0.0,0.9999995,-1.4305115E-06,-0.0, -1.4305115E-06,9.536743E-07,0.9999995,0.0, 0.9999995,-4.7683716E-07,9.536743E-07,0.0;
	  0.0,0.9999995,-1.4305115E-06,-0.0, -1.4305115E-06,9.536743E-07,0.9999995,0.0, 0.9999995,-4.7683716E-07,9.536743E-07,0.0;
	  0.0,0.9999995,-1.4305115E-06,-0.0, -1.4305115E-06,9.536743E-07,0.9999995,0.0, 0.9999995,-4.7683716E-07,9.536743E-07,0.0;
	  0.0,0.9999995,-1.4305115E-06,-0.0, -1.4305115E-06,9.536743E-07,0.9999995,0.0, 0.9999995,-4.7683716E-07,9.536743E-07,0.0;
	  0.0,0.9999995,-1.4305115E-06,-0.0, -1.4305115E-06,9.536743E-07,0.9999995,0.0, 0.9999995,-4.7683716E-07,9.536743E-07,0.0;
	  0.0,0.9999995,-1.4305115E-06,-0.0, -1.4305115E-06,9.536743E-07,0.9999995,0.0, 0.9999995,-4.7683716E-07,9.536743E-07,0.0;
	  0.0,0.9999995,-1.4305115E-06,-0.0, -1.4305115E-06,9.536743E-07,0.9999995,0.0, 0.9999995,-4.7683716E-07,9.536743E-07,0.0;
	  0.0,0.9999995,-1.4305115E-06,-0.0, -1.4305115E-06,9.536743E-07,0.9999995,0.0, 0.9999995,-4.7683716E-07,9.536743E-07,0.0;
	  0.0,0.9999995,-1.4305115E-06,-0.0, -1.4305115E-06,9.536743E-07,0.9999995,0.0, 0.9999995,-4.7683716E-07,9.536743E-07,0.0;
	  0.0,0.9999995,-1.4305115E-06,-0.0, -1.4305115E-06,9.536743E-07,0.9999995,0.0, 0.9999995,-4.7683716E-07,9.536743E-07,0.0;
	  0.0,0.9999995,-1.4305115E-06,-0.0, -1.4305115E-06,9.536743E-07,0.9999995,0.0, 0.9999995,-4.7683716E-07,9.536743E-07,0.0;
	  0.0,0.9999995,-1.4305115E-06,-0.0, -1.4305115E-06,9.536743E-07,0.9999995,0.0, 0.9999995,-4.7683716E-07,9.536743E-07,0.0;
	  0.0,0.9999995,-1.4305115E-06,-0.0, -1.4305115E-06,9.536743E-07,0.9999995,0.0, 0.9999995,-4.7683716E-07,9.536743E-07,0.0;
	  0.0,0.9999995,-1.4305115E-06,-0.0, -1.4305115E-06,9.536743E-07,0.9999995,0.0, 0.9999995,-4.7683716E-07,9.536743E-07,0.0;
	  0.0,0.9999995,-1.4305115E-06,-0.0, -1.4305115E-06,9.536743E-07,0.9999995,0.0, 0.9999995,-4.7683716E-07,9.536743E-07,0.0;
	  0.0,0.9999995,-1.4305115E-06,-0.0, -1.4305115E-06,9.536743E-07,0.9999995,0.0, 0.9999995,-4.7683716E-07,9.536743E-07,0.0;
	  0.0,0.9999995,-1.4305115E-06,-0.0, -1.4305115E-06,9.536743E-07,0.9999995,0.0, 0.9999995,-4.7683716E-07,9.536743E-07,0.0;
	  0.0,1.0,-9.536743E-07,0.0, -9.536743E-07,9.536743E-07,1.0,-0.0, 1.0,0.0,9.536743E-07,0.0;
	}
	NAME "Bip01 Spine"
	DEFAULT_POSE {1,0,0,0, 0,1,0,0, 0,0,1,0;}
	{
	  0.99932384,-0.027781896,0.02407579,0.169602, 0.029870108,0.9953821,-0.09122476,0.0244, -0.021430215,0.091882244,0.99553907,0.003274;
	  0.99932384,-0.027781896,0.02407579,0.169602, 0.029870108,0.9953821,-0.09122476,0.0244, -0.021430215,0.091882244,0.99553907,0.003274;
	  0.99994886,-0.008195044,0.005982945,0.169602, 0.008293956,0.99982655,-0.016699117,0.0244, -0.0058450554,0.01674788,0.999843,0.003274;
	  0.9999999,-0.0007960087,-1.4188834E-06,0.169529, 0.00079599145,0.99996305,0.008590002,0.0244, -5.418884E-06,-0.00859,0.9999634,0.00586;
	  0.9999981,0.0012833046,-0.0016799838,0.169529, -0.0012606954,0.9999099,0.013390574,0.0244, 0.0016970161,-0.013388426,0.9999093,0.00586;
	  0.9999981,0.0012833046,-0.0016799838,0.169529, -0.0012606954,0.9999099,0.013390574,0.0244, 0.0016970161,-0.013388426,0.9999093,0.00586;
	  1.0,-0.000796,-1.001592E-06,0.169631, 0.000796,1.0,3.999602E-06,0.0244, 9.98408E-07,-4.000398E-06,1.0000002,0.0;
	  1.0,-0.000796,-1.001592E-06,0.169631, 0.000796,1.0,3.999602E-06,0.0244, 9.98408E-07,-4.000398E-06,1.0000002,0.0;
	  1.0,-0.000796,-1.001592E-06,0.169631, 0.000796,1.0,3.999602E-06,0.0244, 9.98408E-07,-4.000398E-06,1.0000002,0.0;
	  1.0,-0.000796,-1.001592E-06,0.169631, 0.000796,1.0,3.999602E-06,0.0244, 9.98408E-07,-4.000398E-06,1.0000002,0.0;
	  1.0,-0.000796,-1.001592E-06,0.16963, 0.000796,1.0,3.999602E-06,0.0244, 9.98408E-07,-4.000398E-06,1.0000002,-0.000117;
	  1.0,-0.000796,-1.001592E-06,0.16963, 0.000796,1.0,3.999602E-06,0.0244, 9.98408E-07,-4.000398E-06,1.0000002,-0.000117;
	  1.0,-0.000796,-1.001592E-06,0.16963, 0.000796,1.0,3.999602E-06,0.0244, 9.98408E-07,-4.000398E-06,1.0000002,-0.000117;
	  1.0,-0.000796,-1.001592E-06,0.16963, 0.000796,1.0,3.999602E-06,0.0244, 9.98408E-07,-4.000398E-06,1.0000002,-0.000117;
	  1.0,-0.000796,-1.001592E-06,0.16963, 0.000796,1.0,3.999602E-06,0.0244, 9.98408E-07,-4.000398E-06,1.0000002,-0.000117;
	  1.0,-0.000796,-1.001592E-06,0.16963, 0.000796,1.0,3.999602E-06,0.0244, 9.98408E-07,-4.000398E-06,1.0000002,-0.000117;
	  1.0,-0.000796,-1.001592E-06,0.16963, 0.000796,1.0,3.999602E-06,0.0244, 9.98408E-07,-4.000398E-06,1.0000002,-0.000117;
	  1.0,-0.000796,-1.001592E-06,0.16963, 0.000796,1.0,3.999602E-06,0.0244, 9.98408E-07,-4.000398E-06,1.0000002,-0.000117;
	  1.0,-0.000796,-1.001592E-06,0.16963, 0.000796,1.0,3.999602E-06,0.0244, 9.98408E-07,-4.000398E-06,1.0000002,-0.000117;
	  1.0,-0.000796,-1.001592E-06,0.16963, 0.000796,1.0,3.999602E-06,0.0244, 9.98408E-07,-4.000398E-06,1.0000002,-0.000117;
	  1.0,-0.000796,-1.001592E-06,0.16963, 0.000796,1.0,3.999602E-06,0.0244, 9.98408E-07,-4.000398E-06,1.0000002,-0.000117;
	  1.0,-0.000796,-1.001592E-06,0.16963, 0.000796,1.0,3.999602E-06,0.0244, 9.98408E-07,-4.000398E-06,1.0000002,-0.000117;
	  1.0,-0.000796,-1.001592E-06,0.16963, 0.000796,1.0,3.999602E-06,0.0244, 9.98408E-07,-4.000398E-06,1.0000002,-0.000117;
	  1.0,-0.000796,-1.001592E-06,0.16963, 0.000796,1.0,3.999602E-06,0.0244, 9.98408E-07,-4.000398E-06,1.0000002,-0.000117;
	  1.0,-0.000796,-9.94826E-07,0.169631, 0.000796,1.0,-1.3000398E-05,0.0244, 1.005174E-06,1.29996015E-05,1.0000002,4.8E-05;
	  1.0,-0.000796,-9.94826E-07,0.169631, 0.000796,1.0,-1.3000398E-05,0.0244, 1.005174E-06,1.29996015E-05,1.0000002,4.8E-05;
	  1.0,-0.000796,-9.94826E-07,0.169631, 0.000796,1.0,-1.3000398E-05,0.0244, 1.005174E-06,1.29996015E-05,1.0000002,4.8E-05;
	  1.0,-0.000796,-9.94826E-07,0.169631, 0.000796,1.0,-1.3000398E-05,0.0244, 1.005174E-06,1.29996015E-05,1.0000002,4.8E-05;
	  1.0,-0.000796,-9.94826E-07,0.169631, 0.000796,1.0,-1.3000398E-05,0.0244, 1.005174E-06,1.29996015E-05,1.0000002,4.8E-05;
	  1.0,-0.000796,-9.94826E-07,0.169631, 0.000796,1.0,-1.3000398E-05,0.0244, 1.005174E-06,1.29996015E-05,1.0000002,4.8E-05;
	  1.0,-0.000796,-9.94826E-07,0.169624, 0.000796,1.0,-1.3000398E-05,0.0244, 1.005174E-06,1.29996015E-05,1.0000002,-0.001494;
	  1.0,-0.000796,-9.94826E-07,0.169624, 0.000796,1.0,-1.3000398E-05,0.0244, 1.005174E-06,1.29996015E-05,1.0000002,-0.001494;
	  1.0,-0.000796,-9.94826E-07,0.169624, 0.000796,1.0,-1.3000398E-05,0.0244, 1.005174E-06,1.29996015E-05,1.0000002,-0.001494;
	  1.0,-0.000796,-9.94826E-07,0.169624, 0.000796,1.0,-1.3000398E-05,0.0244, 1.005174E-06,1.29996015E-05,1.0000002,-0.001494;
	  1.0,-0.000796,-9.94826E-07,0.169624, 0.000796,1.0,-1.3000398E-05,0.0244, 1.005174E-06,1.29996015E-05,1.0000002,-0.001494;
	  1.0,-0.000796,-9.94826E-07,0.169624, 0.000796,1.0,-1.3000398E-05,0.0244, 1.005174E-06,1.29996015E-05,1.0000002,-0.001494;
	  1.0,-0.000796,-9.94826E-07,0.169517, 0.000796,1.0,-1.3000398E-05,0.0244, 1.005174E-06,1.29996015E-05,1.0000002,-0.006213;
	  1.0,-0.000796,-9.94826E-07,0.169517, 0.000796,1.0,-1.3000398E-05,0.0244, 1.005174E-06,1.29996015E-05,1.0000002,-0.006213;
	  0.9999999,-0.00080200285,-1.2949419E-06,0.169517, 0.00080199714,0.99998355,0.0057230005,0.0244, -3.2949424E-06,-0.0057229996,0.9999839,-0.006213;
	  0.9999999,-0.00080200285,-1.2949419E-06,0.169517, 0.00080199714,0.99998355,0.0057230005,0.0244, -3.2949424E-06,-0.0057229996,0.9999839,-0.006213;
	  0.9999999,-0.00080200285,-1.2949419E-06,0.169517, 0.00080199714,0.99998355,0.0057230005,0.0244, -3.2949424E-06,-0.0057229996,0.9999839,-0.006213;
	  0.9999999,-0.00080200285,-1.2949419E-06,0.169517, 0.00080199714,0.99998355,0.0057230005,0.0244, -3.2949424E-06,-0.0057229996,0.9999839,-0.006213;
	  0.9999999,-0.00080200285,-1.2949419E-06,0.169517, 0.00080199714,0.99998355,0.0057230005,0.0244, -3.2949424E-06,-0.0057229996,0.9999839,-0.006213;
	  0.9999999,-0.00080200285,-1.2949419E-06,0.169517, 0.00080199714,0.99998355,0.0057230005,0.0244, -3.2949424E-06,-0.0057229996,0.9999839,-0.006213;
	  0.99999976,-0.00080800103,-1.2010496E-06,0.169517, 0.00080799893,0.99999094,0.0042105,0.0244, -2.2010495E-06,-0.0042105,0.9999913,-0.006213;
	  0.99999976,-0.00080800103,-1.2010496E-06,0.169517, 0.00080799893,0.99999094,0.0042105,0.0244, -2.2010495E-06,-0.0042105,0.9999913,-0.006213;
	  0.99999976,-0.00080800103,-1.2010496E-06,0.169517, 0.00080799893,0.99999094,0.0042105,0.0244, -2.2010495E-06,-0.0042105,0.9999913,-0.006213;
	  0.99999976,-0.00080800103,-1.2010496E-06,0.169631, 0.00080799893,0.99999094,0.0042105,0.0244, -2.2010495E-06,-0.0042105,0.9999913,8.9E-05;
	  1.0,-0.00082200253,-9.741424E-07,0.169631, 0.0008219975,0.9999969,-0.002496001,0.0244, 3.0258575E-06,0.0024959992,0.99999726,8.9E-05;
	  1.0,-0.00082200253,-9.741424E-07,0.169631, 0.0008219975,0.9999969,-0.002496001,0.0244, 3.0258575E-06,0.0024959992,0.99999726,8.9E-05;
	  0.9999995,-0.0007965286,-1.3732215E-06,0.169598, 0.00079647155,0.9999459,-0.010362002,0.0244, 9.626779E-06,0.010361998,0.99994624,0.003311;
	  0.9999995,-0.00073564966,-2.8324048E-06,0.169598, 0.0007353505,0.99968886,-0.024925005,0.0244, 2.1167598E-05,0.024924997,0.9996891,0.003311;
	  0.99999976,-0.00079627644,-1.3051931E-06,0.16942, 0.0007957236,0.9993639,-0.03565401,0.0244, 2.9694806E-05,0.035653993,0.99936426,0.008442;
	  0.9999999,-0.0006116883,-5.7750594E-06,0.16942, 0.0006113117,0.9996381,-0.026896004,0.0244, 2.222494E-05,0.026895996,0.9996383,0.008442;
	  1.0000002,-0.00059404323,-4.079635E-06,0.16942, 0.00059395685,0.99993396,-0.011516003,0.0244, 1.0920366E-05,0.011515999,0.9999341,0.008442;
	  1.0,-0.000796,-1.001592E-06,0.169631, 0.000796,1.0,3.999602E-06,0.0244, 9.98408E-07,-4.000398E-06,1.0000002,0.0;
	  0.9999999,-0.0008670001,-1.1466096E-06,0.16963, 0.0008670001,0.9999964,0.0026450001,0.0244, -1.1466096E-06,-0.0026450001,0.9999968,-0.000625;
	  0.9999999,-0.0008670001,-1.1466096E-06,0.16963, 0.0008670001,0.9999964,0.0026450001,0.0244, -1.1466096E-06,-0.0026450001,0.9999968,-0.000625;
	  0.9999999,-0.0008670001,-1.1466096E-06,0.16963, 0.0008670001,0.9999964,0.0026450001,0.0244, -1.1466096E-06,-0.0026450001,0.9999968,-0.000625;
	  0.9999999,-0.0008670001,-1.1466096E-06,0.16963, 0.0008670001,0.9999964,0.0026450001,0.0244, -1.1466096E-06,-0.0026450001,0.9999968,-0.000625;
	  0.9999999,-0.0008670001,-1.1466096E-06,0.16963, 0.0008670001,0.9999964,0.0026450001,0.0244, -1.1466096E-06,-0.0026450001,0.9999968,-0.000625;
	  0.9999999,-0.0008670001,-1.1466096E-06,0.16963, 0.0008670001,0.9999964,0.0026450001,0.0244, -1.1466096E-06,-0.0026450001,0.9999968,-0.000625;
	  0.9999999,-0.0008670001,-1.1466096E-06,0.16963, 0.0008670001,0.9999964,0.0026450001,0.0244, -1.1466096E-06,-0.0026450001,0.9999968,-0.000625;
	  0.9999999,-0.0008670001,-1.1466096E-06,0.16963, 0.0008670001,0.9999964,0.0026450001,0.0244, -1.1466096E-06,-0.0026450001,0.9999968,-0.000625;
	  0.9999999,-0.0008670001,-1.1466096E-06,0.16963, 0.0008670001,0.9999964,0.0026450001,0.0244, -1.1466096E-06,-0.0026450001,0.9999968,-0.000625;
	  0.9999999,-0.0008670001,-1.1466096E-06,0.16963, 0.0008670001,0.9999964,0.0026450001,0.0244, -1.1466096E-06,-0.0026450001,0.9999968,-0.000625;
	  1.0,-0.000796,-1.001592E-06,0.16963, 0.000796,1.0,3.999602E-06,0.0244, 9.98408E-07,-4.000398E-06,1.0000002,-0.000625;
	  1.0,-0.000796,-1.001592E-06,0.16963, 0.000796,1.0,3.999602E-06,0.0244, 9.98408E-07,-4.000398E-06,1.0000002,-0.000625;
	  1.0,-0.000796,-1.001592E-06,0.16963, 0.000796,1.0,3.999602E-06,0.0244, 9.98408E-07,-4.000398E-06,1.0000002,-0.000625;
	  1.0,-0.000796,-1.001592E-06,0.16963, 0.000796,1.0,3.999602E-06,0.0244, 9.98408E-07,-4.000398E-06,1.0000002,-0.000625;
	  1.0,-0.000796,-1.001592E-06,0.16963, 0.000796,1.0,3.999602E-06,0.0244, 9.98408E-07,-4.000398E-06,1.0000002,-0.000625;
	  1.0,-0.000796,-1.001592E-06,0.16963, 0.000796,1.0,3.999602E-06,0.0244, 9.98408E-07,-4.000398E-06,1.0000002,-0.000625;
	  1.0,-0.000796,-1.001592E-06,0.16963, 0.000796,1.0,3.999602E-06,0.0244, 9.98408E-07,-4.000398E-06,1.0000002,-0.000625;
	  1.0,-0.000796,-1.001592E-06,0.16963, 0.000796,1.0,3.999602E-06,0.0244, 9.98408E-07,-4.000398E-06,1.0000002,-0.000625;
	  1.0,-0.000796,-1.001592E-06,0.16963, 0.000796,1.0,3.999602E-06,0.0244, 9.98408E-07,-4.000398E-06,1.0000002,-0.000625;
	  1.0,-0.000796,-1.001592E-06,0.16963, 0.000796,1.0,3.999602E-06,0.0244, 9.98408E-07,-4.000398E-06,1.0000002,-0.000625;
	  1.0,-0.000796,-1.001592E-06,0.16963, 0.000796,1.0,3.999602E-06,0.0244, 9.98408E-07,-4.000398E-06,1.0000002,-0.000625;
	  1.0,-0.000796,-1.001592E-06,0.16963, 0.000796,1.0,3.999602E-06,0.0244, 9.98408E-07,-4.000398E-06,1.0000002,-0.000625;
	  1.0,-0.000796,-1.001592E-06,0.16963, 0.000796,1.0,3.999602E-06,0.0244, 9.98408E-07,-4.000398E-06,1.0000002,-0.000625;
	  1.0,-0.000796,-1.001592E-06,0.16963, 0.000796,1.0,3.999602E-06,0.0244, 9.98408E-07,-4.000398E-06,1.0000002,-0.000625;
	  1.0,-0.000796,-1.001592E-06,0.16963, 0.000796,1.0,3.999602E-06,0.0244, 9.98408E-07,-4.000398E-06,1.0000002,-0.000625;
	  1.0,-0.000796,-1.001592E-06,0.16963, 0.000796,1.0,3.999602E-06,0.0244, 9.98408E-07,-4.000398E-06,1.0000002,-0.000625;
	  1.0,-0.000796,-1.001592E-06,0.16963, 0.000796,1.0,3.999602E-06,0.0244, 9.98408E-07,-4.000398E-06,1.0000002,-0.000625;
	  1.0,-0.000796,-1.001592E-06,0.16963, 0.000796,1.0,3.999602E-06,0.0244, 9.98408E-07,-4.000398E-06,1.0000002,-0.000625;
	  1.0,-0.000796,-1.001592E-06,0.16963, 0.000796,1.0,3.999602E-06,0.0244, 9.98408E-07,-4.000398E-06,1.0000002,-0.000625;
	  1.0,-0.000796,-1.001592E-06,0.16963, 0.000796,1.0,3.999602E-06,0.0244, 9.98408E-07,-4.000398E-06,1.0000002,-0.000625;
	  1.0,-0.000796,-1.001592E-06,0.16963, 0.000796,1.0,3.999602E-06,0.0244, 9.98408E-07,-4.000398E-06,1.0000002,-0.000625;
	  1.0,-0.000796,-1.001592E-06,0.16963, 0.000796,1.0,3.999602E-06,0.0244, 9.98408E-07,-4.000398E-06,1.0000002,-0.000625;
	  1.0,-0.000796,-1.001592E-06,0.16963, 0.000796,1.0,3.999602E-06,0.0244, 9.98408E-07,-4.000398E-06,1.0000002,-0.000625;
	  1.0,-0.000796,-1.001592E-06,0.16963, 0.000796,1.0,3.999602E-06,0.0244, 9.98408E-07,-4.000398E-06,1.0000002,-0.000625;
	  1.0,-0.000796,-1.001592E-06,0.16963, 0.000796,1.0,3.999602E-06,0.0244, 9.98408E-07,-4.000398E-06,1.0000002,-0.000625;
	  1.0,-0.000796,-1.001592E-06,0.16963, 0.000796,1.0,3.999602E-06,0.0244, 9.98408E-07,-4.000398E-06,1.0000002,-0.000625;
	  1.0,-0.000796,-1.001592E-06,0.16963, 0.000796,1.0,3.999602E-06,0.0244, 9.98408E-07,-4.000398E-06,1.0000002,-0.000625;
	  1.0,-0.000796,-1.001592E-06,0.16963, 0.000796,1.0,3.999602E-06,0.0244, 9.98408E-07,-4.000398E-06,1.0000002,-0.000625;
	  1.0,-0.000796,-1.001592E-06,0.16963, 0.000796,1.0,3.999602E-06,0.0244, 9.98408E-07,-4.000398E-06,1.0000002,-0.000625;
	  1.0,-0.000796,-1.001592E-06,0.16963, 0.000796,1.0,3.999602E-06,0.0244, 9.98408E-07,-4.000398E-06,1.0000002,-0.000625;
	  1.0,-0.000796,-1.001592E-06,0.16963, 0.000796,1.0,3.999602E-06,0.0244, 9.98408E-07,-4.000398E-06,1.0000002,-0.000625;
	  1.0,-0.000796,-1.001592E-06,0.16963, 0.000796,1.0,3.999602E-06,0.0244, 9.98408E-07,-4.000398E-06,1.0000002,-0.000625;
	  1.0,-0.000796,-1.001592E-06,0.16963, 0.000796,1.0,3.999602E-06,0.0244, 9.98408E-07,-4.000398E-06,1.0000002,-0.000625;
	  1.0,-0.000796,-1.001592E-06,0.16963, 0.000796,1.0,3.999602E-06,0.0244, 9.98408E-07,-4.000398E-06,1.0000002,-0.000625;
	  1.0,-0.000796,-1.001592E-06,0.169631, 0.000796,1.0,3.999602E-06,0.0244, 9.98408E-07,-4.000398E-06,1.0000002,0.0;
	}
	NAME "Bip01 Spine1"
	DEFAULT_POSE {1,0,0,0, 0,1,0,0, 0,0,1,0;}
	{
	  0.9839879,0.17787507,0.011282242,0.158651, -0.17697692,0.982597,-0.056403905,-0.000196, -0.021118753,0.053504094,0.9983438,-1.1E-05;
	  0.9839879,0.17787507,0.011282242,0.158651, -0.17697692,0.982597,-0.056403905,-0.000196, -0.021118753,0.053504094,0.9983438,-1.1E-05;
	  0.986222,0.13230895,0.09930503,0.158651, -0.124783024,0.98907125,-0.07853786,-0.000196, -0.10861096,0.06506414,0.99195325,-1.1E-05;
	  0.9882908,0.08749989,0.124999754,0.158651, -0.07812713,0.99388564,-0.078020714,-0.000196, -0.13106228,0.06734129,0.98908424,-1.1E-05;
