SE_ANIM 0.1;

SEC_PER_FRAME 0.033333;
FRAMES 171;
ANIM_ID "besurel_idle02";

BONEENVELOPES 80
{
	NAME "Bip01"
	DEFAULT_POSE {1,0,0,0, 0,1,0,0, 0,0,1,0;}
	{
	  -0.44455862,0.8949827,0.037060767,-8E-06, 0.08175734,-0.00066030025,0.9966519,2.449999, 0.8920108,0.44610003,-0.07287812,-1.6E-05;
	  -0.44455272,0.8949857,0.037070483,0.0, 0.0817754,-0.00066173077,0.9966512,2.45, 0.8920126,0.4460958,-0.072892666,-0.0;
	  -0.44774306,0.89339364,0.037067294,0.001743, 0.08124834,-0.000633955,0.99669373,2.449075, 0.8904633,0.44927433,-0.07230294,0.005689;
	  -0.44774306,0.89339364,0.037067294,0.001743, 0.08124834,-0.000633955,0.99669373,2.449075, 0.8904633,0.44927433,-0.07230294,0.005689;
	  -0.44774306,0.89339364,0.037067294,0.001743, 0.08124834,-0.000633955,0.99669373,2.449075, 0.8904633,0.44927433,-0.07230294,0.005689;
	  -0.44774306,0.89339364,0.037067294,0.001743, 0.08124834,-0.000633955,0.99669373,2.449075, 0.8904633,0.44927433,-0.07230294,0.005689;
	  -0.46415144,0.8849672,0.0373677,0.001743, 0.07927984,-0.00051116943,0.99685216,2.449075, 0.88220066,0.46565282,-0.06992304,0.005689;
	  -0.46415144,0.8849672,0.0373677,0.001743, 0.07927984,-0.00051116943,0.99685216,2.449075, 0.88220066,0.46565282,-0.06992304,0.005689;
	  -0.46415144,0.8849672,0.0373677,0.001743, 0.07927984,-0.00051116943,0.99685216,2.449075, 0.88220066,0.46565282,-0.06992304,0.005689;
	  -0.46415144,0.8849672,0.0373677,0.001743, 0.07927984,-0.00051116943,0.99685216,2.449075, 0.88220066,0.46565282,-0.06992304,0.005689;
	  -0.46415144,0.8849672,0.0373677,0.001743, 0.07927984,-0.00051116943,0.99685216,2.449075, 0.88220066,0.46565282,-0.06992304,0.005689;
	  -0.46415144,0.8849672,0.0373677,0.001743, 0.07927984,-0.00051116943,0.99685216,2.449075, 0.88220066,0.46565282,-0.06992304,0.005689;
	  -0.46415144,0.8849672,0.0373677,0.021357, 0.07927984,-0.00051116943,0.99685216,2.439804, 0.88220066,0.46565282,-0.06992304,0.065108;
	  -0.46415144,0.8849672,0.0373677,0.021357, 0.07927984,-0.00051116943,0.99685216,2.439804, 0.88220066,0.46565282,-0.06992304,0.065108;
	  -0.4977345,0.8664986,0.037947625,0.021357, 0.07538739,-0.00036615133,0.99715364,2.439804, 0.8640466,0.49917826,-0.06514174,0.065108;
	  -0.4977345,0.8664986,0.037947625,0.021357, 0.07538739,-0.00036615133,0.99715364,2.439804, 0.8640466,0.49917826,-0.06514174,0.065108;
	  -0.4977345,0.8664986,0.037947625,0.021357, 0.07538739,-0.00036615133,0.99715364,2.439804, 0.8640466,0.49917826,-0.06514174,0.065108;
	  -0.4977345,0.8664986,0.037947625,0.021357, 0.07538739,-0.00036615133,0.99715364,2.439804, 0.8640466,0.49917826,-0.06514174,0.065108;
	  -0.4977345,0.8664986,0.037947625,0.021357, 0.07538739,-0.00036615133,0.99715364,2.439804, 0.8640466,0.49917826,-0.06514174,0.065108;
	  -0.5050194,0.8623128,0.03704229,0.021357, 0.07242122,-0.0004300475,0.9973741,2.439804, 0.86006427,0.50637597,-0.062232435,0.065108;
	  -0.5050194,0.8623128,0.03704229,0.033117, 0.07242122,-0.0004300475,0.9973741,2.432421, 0.86006427,0.50637597,-0.062232435,0.108057;
	  -0.5050194,0.8623128,0.03704229,0.033117, 0.07242122,-0.0004300475,0.9973741,2.432421, 0.86006427,0.50637597,-0.062232435,0.108057;
	  -0.49849468,0.86616373,0.035547107,0.034316, 0.07023236,-0.0005182028,0.99753064,2.430572, 0.8640431,0.49976033,-0.060574293,0.116798;
	  -0.49849468,0.86616373,0.035547107,0.034316, 0.07023236,-0.0005182028,0.99753064,2.430572, 0.8640431,0.49976033,-0.060574293,0.116798;
	  -0.48267353,0.87515616,0.03358689,0.034316, 0.06841686,-0.0005543828,0.9976567,2.430572, 0.873124,0.48384038,-0.059607804,0.116798;
	  -0.48267353,0.87515616,0.03358689,0.034316, 0.06841686,-0.0005543828,0.9976567,2.430572, 0.873124,0.48384038,-0.059607804,0.116798;
	  -0.4585489,0.8881295,0.030968457,0.031134, 0.0663155,-0.0005531311,0.9977987,2.426749, 0.8861915,0.45959327,-0.058642983,0.128045;
	  -0.4585489,0.8881295,0.030968457,0.031134, 0.0663155,-0.0005531311,0.9977987,2.426749, 0.8861915,0.45959327,-0.058642983,0.128045;
	  -0.42921865,0.9027672,0.027980298,0.031134, 0.06397289,-0.0005145669,0.9979516,2.426749, 0.9009323,0.43012953,-0.057531536,0.128045;
	  -0.42921865,0.9027672,0.027980298,0.031134, 0.06397289,-0.0005145669,0.9979516,2.426749, 0.9009323,0.43012953,-0.057531536,0.128045;
	  -0.39796758,0.9170614,0.024911404,0.031134, 0.061433673,-0.0004529953,0.99811137,2.426749, 0.9153404,0.39874658,-0.05615771,0.128045;
	  -0.39796758,0.9170614,0.024911404,0.031134, 0.061433673,-0.0004529953,0.99811137,2.426749, 0.9153404,0.39874658,-0.05615771,0.128045;
	  -0.3683058,0.9294431,0.022050083,0.021858, 0.05873993,-0.0004066229,0.99827313,2.421541, 0.9278471,0.36896494,-0.054445863,0.138972;
	  -0.3683058,0.9294431,0.022050083,0.021858, 0.05873993,-0.0004066229,0.99827313,2.421541, 0.9278471,0.36896494,-0.054445863,0.138972;
	  -0.34047377,0.9400543,0.019384116,0.021858, 0.05598268,-0.00031161308,0.9984319,2.421541, 0.9385861,0.34102514,-0.052520394,0.138972;
	  -0.34047377,0.9400543,0.019384116,0.021858, 0.05598268,-0.00031161308,0.9984319,2.421541, 0.9385861,0.34102514,-0.052520394,0.138972;
	  -0.3122722,0.9498452,0.016741365,0.021858, 0.05319181,-0.0001129508,0.99858433,2.421541, 0.9485024,0.3127206,-0.05048871,0.138972;
	  -0.3122722,0.9498452,0.016741365,0.021858, 0.05319181,-0.0001129508,0.99858433,2.421541, 0.9485024,0.3127206,-0.05048871,0.138972;
	  -0.2828492,0.9590607,0.014098346,0.021858, 0.050227344,0.00013160706,0.9987377,2.421541, 0.95784837,0.28320023,-0.048208356,0.138972;
	  -0.2828492,0.9590607,0.014098346,0.021858, 0.050227344,0.00013160706,0.9987377,2.421541, 0.95784837,0.28320023,-0.048208356,0.138972;
	  -0.25205684,0.9676441,0.0115017295,0.011824, 0.047014862,0.0003734827,0.9988941,2.416507, 0.96656966,0.25231883,-0.045587778,0.154467;
	  -0.25205684,0.9676441,0.0115017295,0.011824, 0.047014862,0.0003734827,0.9988941,2.416507, 0.96656966,0.25231883,-0.045587778,0.154467;
	  -0.21898115,0.97568786,0.008950055,0.011824, 0.043404132,0.00057673454,0.9990571,2.416507, 0.974763,0.21916288,-0.04247558,0.154467;
	  -0.20165288,0.97942686,0.0077213645,0.011824, 0.041438133,0.00065517426,0.9991411,2.416507, 0.9785803,0.20179984,-0.040717363,0.154467;
	  -0.18349612,0.982999,0.0065156817,0.011824, 0.039323986,0.0007176399,0.99922645,2.416507, 0.98223376,0.18361056,-0.038786888,0.154467;
	  -0.16318119,0.98658156,0.0053040385,0.011824, 0.0370194,0.00075018406,0.99931383,2.416507, 0.98590106,0.1632652,-0.03664553,0.154467;
	  -0.14016199,0.9901209,0.0040875077,0.011824, 0.03454411,0.0007650852,0.9994037,2.416507, 0.98952657,0.14022037,-0.03430915,0.154467;
	  -0.1152364,0.9933343,0.0028992295,0.011824, 0.031930655,0.00078749657,0.99949026,2.416507, 0.9928252,0.115270615,-0.03180796,0.154467;
	  -0.08867967,0.9960593,0.0017490387,0.011824, 0.029155701,0.00084125996,0.99957526,2.416507, 0.9956341,0.08869371,-0.029114604,0.154467;
	  -0.061754584,0.99809074,0.0006814301,0.007033, 0.026301235,0.0009444952,0.9996532,2.412271, 0.99774444,0.06175077,-0.026309729,0.171806;
	  -0.035245657,0.99937963,-0.0002822578,0.007033, 0.023397326,0.0011085272,0.99972665,2.412271, 0.9991057,0.03523037,-0.02342081,0.171806;
	  -0.0096126795,0.9999529,-0.001144439,0.007033, 0.020440102,0.0013405085,0.99978995,2.412271, 0.99974465,0.0095870495,-0.020452261,0.171806;
	  0.014335871,0.9998958,-0.0018931329,0.007033, 0.017459184,0.0016430616,0.9998466,2.412271, 0.99974513,-0.014366388,-0.017433524,0.171806;
	  0.035512805,0.9993663,-0.002519071,0.007033, 0.014523357,0.0020046234,0.99989283,2.412271, 0.99926394,-0.03554526,-0.014442682,0.171806;
	  0.053198338,0.9985794,-0.0030311048,0.008787, 0.011660337,0.002413988,0.9999291,2.410684, 0.99851584,-0.0532299,-0.011515379,0.181597;
	  0.06685579,0.99775636,-0.0034439266,0.008787, 0.008861393,0.0028574467,0.99995637,2.410684, 0.997723,-0.06688368,-0.00865078,0.181597;
	  0.075638056,0.99712807,-0.0037728846,0.008787, 0.006158054,0.0033164024,0.9999754,2.410684, 0.9971162,-0.07565957,-0.005889654,0.181597;
	  0.0796603,0.99681425,-0.004018426,0.008787, 0.0034092367,0.0037590265,0.99998736,2.410684, 0.9968165,-0.079672694,-0.0030986667,0.181597;
	  0.07990754,0.9967928,-0.0041925013,0.013719, 0.00047782063,0.0041669607,0.9999905,2.410337, 0.9968015,-0.0799095,-0.00014388561,0.189211;
	  0.07663989,0.9970489,-0.0043230355,0.013719, -0.0025930405,0.004534602,0.9999858,2.410337, 0.99705493,-0.07662818,0.0029325485,0.189211;
	  0.07004738,0.99753404,-0.004434496,0.013719, -0.0057219565,0.004847288,0.99997205,2.410337, 0.9975275,-0.0700199,0.0060474873,0.189211;
	  0.060465813,0.99815977,-0.004552573,0.013719, -0.008788258,0.0050928593,0.99994826,2.410337, 0.9981314,-0.060422808,0.009079814,0.189211;
	  0.048202276,0.9988271,-0.0046935678,0.020931, -0.011710882,0.005264282,0.9999181,2.410822, 0.99876946,-0.04814294,0.011951327,0.19691;
	  0.033355236,0.9994314,-0.004879117,0.020931, -0.0144456625,0.0053631067,0.999881,2.410822, 0.99933887,-0.033281,0.014616013,0.19691;
	  0.01625204,0.99985456,-0.0051149726,0.026759, -0.01688835,0.0053892136,0.99984264,2.411399, 0.99972504,-0.016163379,0.016973257,0.200443;
	  -0.0029747486,0.99998087,-0.005411297,0.026759, -0.018966973,0.0053539276,0.99980575,2.411399, 0.9998157,0.0030767322,0.0189507,0.200443;
	  -0.023820281,0.9997002,-0.005760908,0.034985, -0.020573884,0.005271673,0.99977493,2.41222, 0.99950504,0.023933977,0.020442724,0.203548;
	  -0.046128094,0.9989168,-0.0061573684,0.034985, -0.021640122,0.005163431,0.99975276,2.41222, 0.99870133,0.046250135,0.021378756,0.203548;
	  -0.07110751,0.9974463,-0.0066531897,0.04646, -0.022257656,0.0050815344,0.99973917,2.413306, 0.99722016,0.07123685,0.021839261,0.20612;
	  -0.09951794,0.9950089,-0.0072711706,0.04646, -0.022580087,0.0050469637,0.99973196,2.413306, 0.9947792,0.09965509,0.021964788,0.20612;
	  -0.13105458,0.99134266,-0.007969558,0.062251, -0.02262035,0.005046129,0.9997309,2.414683, 0.9911166,0.13119918,0.02176261,0.208521;
	  -0.16486883,0.986277,-0.008689284,0.062251, -0.022380918,0.005066395,0.9997364,2.414683, 0.98606133,0.16501963,0.021238208,0.208521;
	  -0.20027506,0.9796951,-0.009376764,0.062251, -0.021871924,0.005097747,0.9997481,2.414683, 0.97949576,0.20042995,0.0204072,0.208521;
	  -0.23681831,0.9715029,-0.009978205,0.062251, -0.02109304,0.005126953,0.9997646,2.414683, 0.97132516,0.23697323,0.019278169,0.208521;
	  -0.2733637,0.9618542,-0.010432661,0.062251, -0.020058692,0.005143404,0.99978566,2.414683, 0.96170163,0.27351442,0.017887592,0.208521;
	  -0.30947465,0.9508477,-0.010697573,0.062251, -0.018772304,0.005138874,0.9998108,2.414683, 0.9507226,0.30961707,0.016259551,0.208521;
	  -0.34451902,0.93871784,-0.0107239485,0.118735, -0.017236143,0.0050959587,0.9998381,2.41996, 0.93862087,0.34464788,0.014423847,0.213667;
	  -0.3776927,0.9258718,-0.010473967,0.118735, -0.0154652,0.0050023794,0.99986804,2.41996, 0.9258019,0.3778049,0.012429476,0.213667;
	  -0.40885812,0.91254395,-0.009909809,0.134004, -0.013440073,0.00483644,0.9998977,2.421842, 0.9124988,0.4089493,0.010286808,0.214142;
	  -0.43727803,0.8992814,-0.0090020895,0.134004, -0.011173636,0.0045764446,0.9999273,2.421842, 0.89925706,0.43734685,0.008047223,0.214142;
	  -0.46418607,0.88570493,-0.007607013,0.144848, -0.008370042,0.004201412,0.99995595,2.42371, 0.8856981,0.46422917,0.005462885,0.213745;
	  -0.49048138,0.8714333,-0.0056669116,0.144848, -0.0048733354,0.0037600994,0.9999813,2.42371, 0.87143815,0.49049988,0.0024027824,0.213745;
	  -0.51606035,0.856546,-0.0032501817,0.152778, -0.00081402063,0.0033040047,0.99999404,2.42566, 0.85655177,0.5160599,-0.0010080338,0.212503;
	  -0.5406662,0.8412371,-0.00043970346,0.152778, 0.0036628842,0.0028768778,0.9999892,2.42566, 0.84122926,0.5406588,-0.004636705,0.212503;
	  -0.56392473,0.8258219,0.0026466846,0.158225, 0.008376032,0.0025148392,0.99996173,2.42768, 0.82578367,0.56392527,-0.008335412,0.210483;
	  -0.5859154,0.8103503,0.0059470236,0.158225, 0.013235718,0.002231598,0.99990976,2.42768, 0.810264,0.5859412,-0.012033343,0.210483;
	  -0.6062999,0.7951814,0.0093280375,0.158225, 0.018059611,0.0020411015,0.9998349,2.42768, 0.7950311,0.6063682,-0.015598178,0.210483;
	  -0.62490845,0.7805953,0.012671232,0.161816, 0.022693664,0.0019390583,0.9997407,2.430779, 0.7803682,0.6250341,-0.018926024,0.206081;
	  -0.6416887,0.7668009,0.015870124,0.161816, 0.027014107,0.0019173622,0.99963313,2.430779, 0.76648927,0.641882,-0.02194494,0.206081;
	  -0.65629727,0.7542692,0.018753886,0.161816, 0.030811846,0.001957655,0.99952304,2.430779, 0.7538729,0.656562,-0.024525642,0.206081;
	  -0.6687194,0.74321246,0.021208912,0.159893, 0.033961564,0.0020375252,0.99942124,2.433837, 0.74273896,0.6690527,-0.026602864,0.200175;
	  -0.6687194,0.74321246,0.021208912,0.159893, 0.033961564,0.0020375252,0.99942124,2.433837, 0.74273896,0.6690527,-0.026602864,0.200175;
	  -0.6872106,0.7260175,0.02530229,0.155146, 0.039025545,0.0021153688,0.999236,2.43583, 0.72540927,0.687673,-0.029786944,0.195577;
	  -0.6872106,0.7260175,0.02530229,0.155146, 0.039025545,0.0021153688,0.999236,2.43583, 0.72540927,0.687673,-0.029786944,0.195577;
	  -0.6872106,0.7260175,0.02530229,0.147578, 0.039025545,0.0021153688,0.999236,2.437838, 0.72540927,0.687673,-0.029786944,0.19047;
	  -0.6872106,0.7260175,0.02530229,0.147578, 0.039025545,0.0021153688,0.999236,2.437838, 0.72540927,0.687673,-0.029786944,0.19047;
	  -0.7065536,0.70694757,0.031740338,0.147578, 0.04660645,0.001732111,0.99891233,2.437838, 0.70612335,0.70726454,-0.034171283,0.19047;
	  -0.7065536,0.70694757,0.031740338,0.147578, 0.04660645,0.001732111,0.99891233,2.437838, 0.70612335,0.70726454,-0.034171283,0.19047;
	  -0.7065536,0.70694757,0.031740338,0.126975, 0.04660645,0.001732111,0.99891233,2.441825, 0.70612335,0.70726454,-0.034171283,0.17845;
	  -0.7065536,0.70694757,0.031740338,0.126975, 0.04660645,0.001732111,0.99891233,2.441825, 0.70612335,0.70726454,-0.034171283,0.17845;
	  -0.7148675,0.6983367,0.035921127,0.126975, 0.051266313,0.0011093616,0.99868435,2.441825, 0.69737816,0.7157685,-0.036594212,0.17845;
	  -0.7148675,0.6983367,0.035921127,0.126975, 0.051266313,0.0011093616,0.99868435,2.441825, 0.69737816,0.7157685,-0.036594212,0.17845;
	  -0.7148675,0.6983367,0.035921127,0.104202, 0.051266313,0.0011093616,0.99868435,2.445648, 0.69737816,0.7157685,-0.036594212,0.163601;
	  -0.7220365,0.6908241,0.03775394,0.104202, 0.053156853,0.0009852648,0.99858564,2.445648, 0.68980986,0.72302216,-0.037433445,0.163601;
	  -0.7247689,0.68794304,0.038005948,0.104202, 0.053317964,0.0010049343,0.998577,2.445648, 0.68692595,0.7257639,-0.037408113,0.163601;
	  -0.7247689,0.68794304,0.038005948,0.104202, 0.053317964,0.0010049343,0.998577,2.445648, 0.68692595,0.7257639,-0.037408113,0.163601;
	  -0.7247689,0.68794304,0.038005948,0.104202, 0.053317964,0.0010049343,0.998577,2.445648, 0.68692595,0.7257639,-0.037408113,0.163601;
	  -0.7247689,0.68794304,0.038005948,0.104202, 0.053317964,0.0010049343,0.998577,2.445648, 0.68692595,0.7257639,-0.037408113,0.163601;
	  -0.7247689,0.68794304,0.038005948,0.064918, 0.053317964,0.0010049343,0.998577,2.451245, 0.68692595,0.7257639,-0.037408113,0.133137;
	  -0.73481613,0.67726827,0.036780804,0.064918, 0.051071763,0.0011744499,0.99869406,2.451245, 0.6763408,0.73573494,-0.035452664,0.133137;
	  -0.73481613,0.67726827,0.036780804,0.064918, 0.051071763,0.0011744499,0.99869406,2.451245, 0.6763408,0.73573494,-0.035452664,0.133137;
	  -0.73481613,0.67726827,0.036780804,0.064918, 0.051071763,0.0011744499,0.99869406,2.451245, 0.6763408,0.73573494,-0.035452664,0.133137;
	  -0.73419666,0.67804575,0.034773916,0.039168, 0.04846421,0.001252532,0.9988243,2.454499, 0.67720497,0.7350188,-0.033780336,0.110585;
	  -0.73419666,0.67804575,0.034773916,0.039168, 0.04846421,0.001252532,0.9988243,2.454499, 0.67720497,0.7350188,-0.033780336,0.110585;
	  -0.73419666,0.67804575,0.034773916,0.039168, 0.04846421,0.001252532,0.9988243,2.454499, 0.67720497,0.7350188,-0.033780336,0.110585;
	  -0.73419666,0.67804575,0.034773916,0.039168, 0.04846421,0.001252532,0.9988243,2.454499, 0.67720497,0.7350188,-0.033780336,0.110585;
	  -0.73419666,0.67804575,0.034773916,0.039168, 0.04846421,0.001252532,0.9988243,2.454499, 0.67720497,0.7350188,-0.033780336,0.110585;
	  -0.73419666,0.67804575,0.034773916,0.039168, 0.04846421,0.001252532,0.9988243,2.454499, 0.67720497,0.7350188,-0.033780336,0.110585;
	  -0.7143724,0.699233,0.027301908,0.01168, 0.03930801,0.0011439323,0.9992267,2.458262, 0.6986609,0.7148932,-0.028302312,0.079743;
	  -0.7143724,0.699233,0.027301908,0.01168, 0.03930801,0.0011439323,0.9992267,2.458262, 0.6986609,0.7148932,-0.028302312,0.079743;
	  -0.7030169,0.7107619,0.024181813,0.01168, 0.03557709,0.0011886358,0.9993662,2.458262, 0.7102827,0.70343167,-0.026122391,0.079743;
	  -0.7030169,0.7107619,0.024181813,0.01168, 0.03557709,0.0011886358,0.9993662,2.458262, 0.7102827,0.70343167,-0.026122391,0.079743;
	  -0.6884258,0.72498286,0.021679014,0.01168, 0.032951146,0.0014032125,0.9994561,2.458262, 0.724558,0.6887657,-0.02485478,0.079743;
	  -0.67967397,0.73321885,0.02081883,0.01168, 0.03232521,0.001585722,0.99947613,2.458262, 0.73280174,0.6799908,-0.02477932,0.079743;
	  -0.6698469,0.7422215,0.020305783,0.01168, 0.032310575,0.0018160343,0.9994761,2.458262, 0.7417958,0.67015195,-0.02519834,0.079743;
	  -0.6588489,0.7520042,0.020196348,-0.010859, 0.03301984,0.002087593,0.99945265,2.46056, 0.7515503,0.6591552,-0.026206195,0.043478;
	  -0.64562815,0.76337534,0.020553231,-0.010859, 0.034611642,0.0023651123,0.9993981,2.46056, 0.7628672,0.64595103,-0.027948499,0.043478;
	  -0.62949276,0.7767136,0.021327496,-0.010859, 0.03707233,0.0026060343,0.99930924,2.46056, 0.7761215,0.62984866,-0.030434847,0.043478;
	  -0.61094224,0.7913582,0.02240634,-0.010859, 0.040251732,0.002784729,0.99918604,2.46056, 0.7906514,0.61134696,-0.033554256,0.043478;
	  -0.5903767,0.8067801,0.0236893,-0.010859, 0.04402283,0.0028803349,0.99902624,2.46056, 0.8059263,0.5908446,-0.03721738,0.043478;
	  -0.5686387,0.8222054,0.02505982,-0.020569, 0.048184544,0.002880931,0.99883395,2.459214, 0.8211748,0.56918293,-0.04125631,0.014428;
	  -0.5462343,0.8372152,0.026435852,-0.020569, 0.052605808,0.0027902126,0.99861145,2.459214, 0.8359789,0.54686654,-0.04556644,0.014428;
	  -0.5238507,0.8513582,0.02774176,-0.020569, 0.057133824,0.0026230812,0.9983629,2.459214, 0.8498918,0.5245781,-0.05001563,0.014428;
	  -0.5022124,0.8642609,0.028915316,-0.020569, 0.061618984,0.0024135113,0.99809724,2.459214, 0.8625463,0.5030388,-0.054466367,0.014428;
	  -0.48208636,0.875613,0.029908866,-0.020569, 0.065910965,0.0022052526,0.99782294,2.459214, 0.8736409,0.4830081,-0.058775842,0.014428;
	  -0.4642623,0.8851658,0.030687928,-0.020569, 0.069864124,0.0020587444,0.9975542,2.459214, 0.8829379,0.46527073,-0.06279737,0.014428;
	  -0.44954628,0.8927107,0.031226337,-0.020569, 0.07333329,0.002043128,0.99730474,2.459214, 0.8902413,0.45062417,-0.06638491,0.014428;
	  -0.4373411,0.8987385,0.031648993,-0.020569, 0.07670942,0.0022169352,0.9970509,2.459214, 0.896018,0.43847904,-0.06991148,0.014428;
	  -0.42627847,0.9040232,0.032081366,-0.026874, 0.08045378,0.002564907,0.99675536,2.455047, 0.90100735,0.4274766,-0.07382494,-0.031759;
	  -0.42627847,0.9040232,0.032081366,-0.026874, 0.08045378,0.002564907,0.99675536,2.455047, 0.90100735,0.4274766,-0.07382494,-0.031759;
	  -0.4077555,0.9124986,0.032886773,-0.027124, 0.08844137,0.003621459,0.99607456,2.453974, 0.90879774,0.4090633,-0.08217955,-0.044464;
	  -0.4077555,0.9124986,0.032886773,-0.027124, 0.08844137,0.003621459,0.99607456,2.453974, 0.90879774,0.4090633,-0.08217955,-0.044464;
	  -0.39387828,0.9185511,0.033519626,-0.027124, 0.09616992,0.0049157143,0.99535275,2.453974, 0.9141177,0.39527133,-0.09027338,-0.044464;
	  -0.39387828,0.9185511,0.033519626,-0.027124, 0.09616992,0.0049157143,0.99535275,2.453974, 0.9141177,0.39527133,-0.09027338,-0.044464;
	  -0.38439834,0.9225449,0.033887923,-0.026281, 0.102537096,0.006185174,0.9947096,2.451825, 0.91745496,0.38583934,-0.09697318,-0.067669;
	  -0.38439834,0.9225449,0.033887923,-0.026281, 0.102537096,0.006185174,0.9947096,2.451825, 0.91745496,0.38583934,-0.09697318,-0.067669;
	  -0.38439834,0.9225449,0.033887923,-0.025414, 0.102537096,0.006185174,0.9947096,2.450897, 0.91745496,0.38583934,-0.09697318,-0.075375;
	  -0.3779307,0.9252188,0.03374198,-0.025414, 0.10700914,0.007452011,0.99423015,2.450897, 0.919629,0.3793608,-0.10182321,-0.075375;
	  -0.37767828,0.92533237,0.03345093,-0.024396, 0.106592596,0.0075628757,0.9942739,2.450163, 0.91978097,0.37908116,-0.10149014,-0.07866;
	  -0.37767828,0.92533237,0.03345093,-0.024396, 0.106592596,0.0075628757,0.9942739,2.450163, 0.91978097,0.37908116,-0.10149014,-0.07866;
	  -0.38288808,0.9232345,0.032169074,-0.023141, 0.10129851,0.0073473454,0.99482906,2.449628, 0.9182241,0.38416696,-0.09633535,-0.076254;
	  -0.38288808,0.9232345,0.032169074,-0.023141, 0.10129851,0.0073473454,0.99482906,2.449628, 0.9182241,0.38416696,-0.09633535,-0.076254;
	  -0.3954425,0.91800004,0.030010581,-0.021548, 0.09104794,0.0066649914,0.99582374,2.449237, 0.9139666,0.3965232,-0.0862183,-0.069031;
	  -0.3954425,0.91800004,0.030010581,-0.021548, 0.09104794,0.0066649914,0.99582374,2.449237, 0.9139666,0.3965232,-0.0862183,-0.069031;
	  -0.41206408,0.91074526,0.027312994,-0.021548, 0.07825571,0.005509019,0.99691784,2.449237, 0.907788,0.4129312,-0.0735414,-0.069031;
	  -0.41206408,0.91074526,0.027312994,-0.021548, 0.07825571,0.005509019,0.99691784,2.449237, 0.907788,0.4129312,-0.0735414,-0.069031;
	  -0.42942727,0.9027679,0.024547964,-0.021548, 0.06543413,0.003992319,0.9978491,2.449237, 0.900728,0.43010998,-0.06078601,-0.069031;
	  -0.42942727,0.9027679,0.024547964,-0.021548, 0.06543413,0.003992319,0.9978491,2.449237, 0.900728,0.43010998,-0.06078601,-0.069031;
	  -0.44436222,0.8955684,0.022356123,-0.015521, 0.055069625,0.0023995638,0.99847996,2.448698, 0.8941531,0.44491807,-0.050384462,-0.036225;
	  -0.4499926,0.8927682,0.021713465,-0.015521, 0.051562786,0.0017006397,0.9986682,2.448698, 0.89154243,0.45051286,-0.046799064,-0.036225;
	  -0.45383316,0.8908265,0.021518707,-0.013371, 0.049622476,0.0011535883,0.9987669,2.448662, 0.88970363,0.45434114,-0.044729233,-0.027573;
	  -0.45603776,0.88969266,0.021815538,-0.013371, 0.0492464,0.00075161457,0.99878585,2.448662, 0.88859653,0.4565582,-0.044157624,-0.027573;
	  -0.45709163,0.8891337,0.022542745,-0.013371, 0.050126344,0.00044715405,0.99874234,2.448662, 0.88800573,0.4576465,-0.044773996,-0.027573;
	  -0.45709163,0.8891337,0.022542745,-0.013371, 0.050126344,0.00044715405,0.99874234,2.448662, 0.88800573,0.4576465,-0.044773996,-0.027573;
	  -0.45709163,0.8891337,0.022542745,-0.00876, 0.050126344,0.00044715405,0.99874234,2.44894, 0.88800573,0.4576465,-0.044773996,-0.016067;
	  -0.45515877,0.8900123,0.0266262,-0.00876, 0.058309674,-4.541874E-05,0.9982989,2.44894, 0.88849926,0.45593718,-0.051875114,-0.016067;
	  -0.45515877,0.8900123,0.0266262,-0.00876, 0.058309674,-4.541874E-05,0.9982989,2.44894, 0.88849926,0.45593718,-0.051875114,-0.016067;
	  -0.45515877,0.8900123,0.0266262,-0.00876, 0.058309674,-4.541874E-05,0.9982989,2.44894, 0.88849926,0.45593718,-0.051875114,-0.016067;
	  -0.45515877,0.8900123,0.0266262,-0.00876, 0.058309674,-4.541874E-05,0.9982989,2.44894, 0.88849926,0.45593718,-0.051875114,-0.016067;
	  -0.45515877,0.8900123,0.0266262,-0.00876, 0.058309674,-4.541874E-05,0.9982989,2.44894, 0.88849926,0.45593718,-0.051875114,-0.016067;
	  -0.44573545,0.8944588,0.03555098,-0.001236, 0.078504235,-0.0005017519,0.996914,2.449867, 0.891716,0.44715106,-0.06999457,-0.002446;
	}
	NAME "Bip01 Pelvis"
	DEFAULT_POSE {1,0,0,0, 0,1,0,0, 0,0,1,0;}
	{
	  -2.3841858E-07,0.99999976,-9.834766E-07,0.0, -0.019376248,7.1525574E-07,0.999812,0.0, 0.999812,2.9802322E-08,0.01937604,-0.0;
	  -2.3841858E-07,0.99999976,-9.834766E-07,0.0, -0.019376248,7.1525574E-07,0.999812,0.0, 0.999812,2.9802322E-08,0.01937604,-0.0;
	  0.0,1.0,-1.0430813E-06,0.0, -0.016548067,9.536743E-07,0.999863,0.0, 0.999863,0.0,0.016547918,-0.0;
	  2.3841858E-07,1.0000002,-9.536743E-07,0.0, -0.013648778,1.1920929E-06,0.9999071,0.0, 0.9999071,0.0,0.013648987,-0.0;
	  1.1920929E-07,1.0000002,-9.23872E-07,0.0, -0.010685861,1.0728836E-06,0.99994314,0.0, 0.99994314,8.940697E-08,0.01068604,-0.0;
	  4.7683716E-07,1.0000005,-9.23872E-07,0.0, -0.0076725185,1.4305115E-06,0.99997103,0.0, 0.99997103,8.940697E-08,0.007673025,-0.0;
	  -3.5762787E-07,0.99999964,-9.834766E-07,0.0, -0.004624337,7.1525574E-07,0.9999889,0.0, 0.9999889,2.9802322E-08,0.004624009,-0.0;
	  2.3841858E-07,1.0000002,-9.834766E-07,0.0, -0.0015517771,1.1920929E-06,0.99999905,0.0, 0.99999905,2.9802322E-08,0.0015519857,-0.0;
	  1.1920929E-07,1.0000001,-1.0430813E-06,0.0, 0.0015288293,1.1920929E-06,0.9999989,0.0, 0.9999989,2.9802322E-08,-0.0015286803,-0.0;
	  1.1920929E-07,1.0000001,-1.0430813E-06,0.0, 0.0015288293,1.1920929E-06,0.9999989,0.0, 0.9999989,2.9802322E-08,-0.0015286803,-0.0;
	  4.7683716E-07,1.0000005,-9.834766E-07,0.0, 0.007663667,1.4305115E-06,0.99997103,0.0, 0.99997103,-2.9802322E-08,-0.00766325,-0.0;
	  0.0,1.0000001,-1.0430813E-06,0.0, 0.010689765,1.1920929E-06,0.999943,0.0, 0.999943,2.9802322E-08,-0.010689676,-0.0;
	  3.5762787E-07,1.0000004,-1.013279E-06,0.0, 0.013670534,1.4305115E-06,0.99990696,0.0, 0.99990696,5.9604645E-08,-0.013670146,-0.0;
	  -3.5762787E-07,0.9999997,-1.0430813E-06,0.0, 0.016593277,7.1525574E-07,0.99986196,0.0, 0.99986196,2.9802322E-08,-0.016593575,-0.0;
	  0.0,1.0,-9.834766E-07,0.0, 0.019441962,9.536743E-07,0.999811,0.0, 0.99981093,-5.9604645E-08,-0.019441962,-0.0;
	  -3.5762787E-07,0.9999996,-9.834766E-07,0.0, 0.022204459,5.9604645E-07,0.999753,0.0, 0.999753,-2.9802322E-08,-0.022204876,-0.0;
	  0.0,1.0000001,-1.1026859E-06,0.0, 0.024865836,1.1920929E-06,0.99969095,0.0, 0.9996909,5.9604645E-08,-0.024865687,-0.0;
	  0.0,1.0,-9.23872E-07,0.0, 0.027415067,9.536743E-07,0.99962413,0.0, 0.99962413,-8.940697E-08,-0.027415037,-0.0;
	  -2.3841858E-07,0.99999976,-1.0430813E-06,0.0, 0.029821277,8.34465E-07,0.999555,0.0, 0.999555,0.0,-0.029821515,-0.0;
	  -2.3841858E-07,0.99999976,-1.0430813E-06,0.0, 0.029821277,8.34465E-07,0.999555,0.0, 0.999555,0.0,-0.029821515,-0.0;
	  -2.3841858E-07,0.99999976,-1.0430813E-06,0.0, 0.029821277,8.34465E-07,0.999555,0.0, 0.999555,0.0,-0.029821515,-0.0;
	  3.5762787E-07,1.0000005,-9.536743E-07,0.0, 0.036198556,1.4305115E-06,0.99934506,0.0, 0.99934506,-2.9802322E-08,-0.03619814,-0.0;
	  2.3841858E-07,1.0000002,-9.834766E-07,0.0, 0.037787795,1.1920929E-06,0.99928606,0.0, 0.99928606,-5.9604645E-08,-0.037787557,-0.0;
	  -1.1920929E-07,0.9999999,-1.0430813E-06,0.0, 0.038899064,9.536743E-07,0.999243,0.0, 0.999243,0.0,-0.038899183,-0.0;
	  -5.9604645E-07,0.9999996,-1.013279E-06,0.0, 0.039578497,5.9604645E-07,0.999216,0.0, 0.999216,5.9604645E-08,-0.039578915,-0.0;
	  -2.9802322E-07,0.9999998,-1.1026859E-06,0.0, 0.039913118,9.536743E-07,0.99920297,0.0, 0.99920297,5.9604645E-08,-0.039913297,-0.0;
	  2.3841858E-07,1.0000001,-9.834766E-07,0.0, 0.03996989,1.1920929E-06,0.99920106,0.0, 0.99920106,-5.9604645E-08,-0.039969742,-0.0;
	  4.7683716E-07,1.0000004,-9.536743E-07,0.0, 0.039822698,1.3113022E-06,0.99920714,0.0, 0.99920714,-1.1920929E-07,-0.03982234,-0.0;
	  3.5762787E-07,1.0000004,-9.834766E-07,0.0, 0.03954768,1.3113022E-06,0.999218,0.0, 0.999218,-2.9802322E-08,-0.039547324,-0.0;
	  -1.1920929E-07,1.0,-1.013279E-06,0.0, 0.039211035,9.536743E-07,0.999231,0.0, 0.9992309,2.9802322E-08,-0.039211035,-0.0;
	  -2.3841858E-07,0.9999997,-9.834766E-07,0.0, 0.038893282,7.1525574E-07,0.9992431,0.0, 0.99924314,-5.9604645E-08,-0.03889358,-0.0;
	  -4.172325E-07,1.0,-5.066395E-07,0.0, 0.038657993,4.7683716E-07,0.99925256,0.0, 0.99925256,4.4703484E-07,-0.038657963,-0.0;
	  -5.364418E-07,0.9999995,-1.1026859E-06,0.0, 0.038585275,7.1525574E-07,0.9992549,0.0, 0.99925494,5.9604645E-08,-0.038585663,-0.0;
	  -3.5762787E-07,0.9999997,-1.0430813E-06,0.0, 0.038611352,7.1525574E-07,0.999254,0.0, 0.999254,0.0,-0.03861165,-0.0;
	  2.3841858E-07,1.0000001,-9.834766E-07,0.0, 0.038621873,1.1920929E-06,0.99925405,0.0, 0.9992541,-5.9604645E-08,-0.038621664,-0.0;
	  2.3841858E-07,1.0000001,-9.834766E-07,0.0, 0.038621873,1.1920929E-06,0.99925405,0.0, 0.9992541,-5.9604645E-08,-0.038621664,-0.0;
	  -2.3841858E-07,0.9999997,-9.23872E-07,0.0, 0.03858334,5.9604645E-07,0.9992551,0.0, 0.99925506,-1.1920929E-07,-0.038583636,-0.0;
	  2.3841858E-07,1.0000002,-9.834766E-07,0.0, 0.038521707,1.1920929E-06,0.99925804,0.0, 0.99925804,-5.9604645E-08,-0.03852141,-0.0;
	  -1.1920929E-07,0.9999998,-8.940697E-07,0.0, 0.0384292,7.1525574E-07,0.99926114,0.0, 0.99926114,-5.9604645E-08,-0.03842938,-0.0;
	  -3.5762787E-07,0.99999976,-1.0430813E-06,0.0, 0.038300306,7.1525574E-07,0.99926597,0.0, 0.999266,0.0,-0.038300633,-0.0;
	  2.3841858E-07,1.0000002,-9.23872E-07,0.0, 0.03812781,1.1920929E-06,0.99927306,0.0, 0.99927306,-8.940697E-08,-0.03812754,-0.0;
	  -2.9802322E-07,0.99999976,-1.0430813E-06,0.0, 0.037908226,7.1525574E-07,0.9992809,0.0, 0.9992809,2.9802322E-08,-0.037908435,-0.0;
	  -4.172325E-07,0.99999964,-9.536743E-07,0.0, 0.03763929,5.9604645E-07,0.99929106,0.0, 0.999291,-2.9802322E-08,-0.037639737,-0.0;
	  -3.5762787E-07,1.0,-4.172325E-07,0.0, 0.037316978,4.7683716E-07,0.9993036,0.0, 0.9993036,4.172325E-07,-0.03731692,-0.0;
	  1.1920929E-07,1.0000002,-1.013279E-06,0.0, 0.036932737,1.1920929E-06,0.999318,0.0, 0.99931794,2.9802322E-08,-0.03693247,-0.0;
	  2.3841858E-07,1.0000001,-9.23872E-07,0.0, 0.036326855,1.0728836E-06,0.9993401,0.0, 0.9993402,-1.1920929E-07,-0.036326766,-0.0;
	  2.3841858E-07,1.0000002,-9.23872E-07,0.0, 0.03540793,1.0728836E-06,0.99937314,0.0, 0.9993731,-1.1920929E-07,-0.03540778,-0.0;
	  4.7683716E-07,1.0000005,-9.536743E-07,0.0, 0.03427148,1.4305115E-06,0.999413,0.0, 0.9994131,-2.9802322E-08,-0.034271,-0.0;
	  0.0,1.0000001,-1.0430813E-06,0.0, 0.03298393,1.1920929E-06,0.9994559,0.0, 0.9994559,2.9802322E-08,-0.03298384,-0.0;
	  3.5762787E-07,1.0000002,-9.834766E-07,0.0, 0.031657755,1.3113022E-06,0.9994991,0.0, 0.9994991,-5.9604645E-08,-0.031657457,-0.0;
	  -3.5762787E-07,0.99999964,-9.834766E-07,0.0, 0.030382365,5.9604645E-07,0.999538,0.0, 0.99953806,-5.9604645E-08,-0.030382752,-0.0;
	  2.3841858E-07,1.0000002,-1.0430813E-06,0.0, 0.029230714,1.3113022E-06,0.99957293,0.0, 0.999573,0.0,-0.029230475,-0.0;
	  4.7683716E-07,1.0000005,-9.834766E-07,0.0, 0.02829647,1.4305115E-06,0.99960005,0.0, 0.99960005,-2.9802322E-08,-0.028295994,-0.0;
	  2.3841858E-07,1.0000002,-9.834766E-07,0.0, 0.027680814,1.1920929E-06,0.999617,0.0, 0.999617,-2.9802322E-08,-0.027680635,-0.0;
	  2.3841858E-07,1.0000002,-1.0430813E-06,0.0, 0.027467668,1.3113022E-06,0.99962294,0.0, 0.99962294,2.9802322E-08,-0.02746737,-0.0;
	  -1.1920929E-07,0.9999999,-1.0430813E-06,0.0, 0.027743071,9.536743E-07,0.999615,0.0, 0.99961495,0.0,-0.02774316,-0.0;
	  4.7683716E-07,1.0000004,-9.23872E-07,0.0, 0.02860573,1.1920929E-06,0.9995911,0.0, 0.9995911,-1.1920929E-07,-0.028605402,-0.0;
	  -2.3841858E-07,0.99999976,-9.834766E-07,0.0, 0.030185252,7.1525574E-07,0.9995441,0.0, 0.99954414,-5.9604645E-08,-0.030185461,-0.0;
	  1.1920929E-07,1.0,-9.834766E-07,0.0, 0.03246194,1.0728836E-06,0.99947304,0.0, 0.999473,-5.9604645E-08,-0.03246188,-0.0;
	  -3.5762787E-07,0.9999996,-9.23872E-07,0.0, 0.035336435,4.7683716E-07,0.9993751,0.0, 0.9993751,-8.940697E-08,-0.035336852,-0.0;
	  -3.5762787E-07,0.9999997,-1.0430813E-06,0.0, 0.03869027,7.1525574E-07,0.99925095,0.0, 0.999251,0.0,-0.038690567,-0.0;
	  -3.5762787E-07,0.9999997,-1.0430813E-06,0.0, 0.03869027,7.1525574E-07,0.99925095,0.0, 0.999251,0.0,-0.038690567,-0.0;
	  5.9604645E-07,1.0000005,-8.940697E-07,0.0, 0.046191514,1.4305115E-06,0.9989332,0.0, 0.99893314,-8.940697E-08,-0.046190977,-0.0;
	  1.1920929E-07,1.0000001,-9.834766E-07,0.0, 0.050125837,1.0728836E-06,0.99874306,0.0, 0.99874306,-5.9604645E-08,-0.050125718,-0.0;
	  2.3841858E-07,1.0000004,-9.834766E-07,0.0, 0.0540047,1.3113022E-06,0.998541,0.0, 0.998541,-5.9604645E-08,-0.05400431,-0.0;
	  4.7683716E-07,1.0000004,-8.940697E-07,0.0, 0.057722658,1.3113022E-06,0.9983331,0.0, 0.99833304,-8.940697E-08,-0.05772221,-0.0;
	  -3.5762787E-07,0.99999964,-9.834766E-07,0.0, 0.061104387,7.1525574E-07,0.99813104,0.0, 0.99813104,-5.9604645E-08,-0.061104655,-0.0;
	  -1.1920929E-07,0.99999994,-1.013279E-06,0.0, 0.06404501,9.536743E-07,0.997947,0.0, 0.997947,2.9802322E-08,-0.06404507,-0.0;
	  -3.5762787E-07,0.99999964,-9.834766E-07,0.0, 0.06679949,7.1525574E-07,0.9977661,0.0, 0.99776614,-5.9604645E-08,-0.06679976,-0.0;
	  -3.5762787E-07,0.99999964,-9.834766E-07,0.0, 0.06679949,7.1525574E-07,0.9977661,0.0, 0.99776614,-5.9604645E-08,-0.06679976,-0.0;
	  2.3841858E-07,1.0000004,-9.834766E-07,0.0, 0.072550684,1.3113022E-06,0.997365,0.0, 0.997365,-8.940697E-08,-0.07255036,-0.0;
	  -4.7683716E-07,0.99999964,-1.013279E-06,0.0, 0.075439334,5.9604645E-07,0.99715006,0.0, 0.99715,2.9802322E-08,-0.07543969,-0.0;
	  -1.1920929E-07,0.9999999,-9.536743E-07,0.0, 0.07824507,8.34465E-07,0.99693406,0.0, 0.99693406,-2.9802322E-08,-0.07824516,-0.0;
	  3.5762787E-07,1.0000005,-1.0430813E-06,0.0, 0.080919564,1.4305115E-06,0.996721,0.0, 0.996721,-2.9802322E-08,-0.08091915,-0.0;
	  2.3841858E-07,1.0000002,-8.940697E-07,0.0, 0.08336678,1.0728836E-06,0.9965191,0.0, 0.9965191,-8.940697E-08,-0.08336663,-0.0;
	  2.3841858E-07,1.0000002,-9.834766E-07,0.0, 0.08553976,1.1920929E-06,0.996335,0.0, 0.996335,-8.940697E-08,-0.08553946,-0.0;
	  -4.7683716E-07,0.9999996,-1.0430813E-06,0.0, 0.0873763,7.1525574E-07,0.99617493,0.0, 0.99617493,-2.9802322E-08,-0.087376714,-0.0;
	  -3.5762787E-07,0.99999976,-1.013279E-06,0.0, 0.08880225,7.1525574E-07,0.99604905,0.0, 0.996049,2.9802322E-08,-0.08880246,-0.0;
	  -3.5762787E-07,0.99999976,-1.0430813E-06,0.0, 0.08977318,7.1525574E-07,0.995962,0.0, 0.995962,-2.9802322E-08,-0.08977342,-0.0;
	  -3.5762787E-07,0.99999976,-1.013279E-06,0.0, 0.09021616,8.34465E-07,0.99592197,0.0, 0.99592197,2.9802322E-08,-0.0902164,-0.0;
	  1.1920929E-07,1.0000002,-1.0430813E-06,0.0, 0.09004381,1.1920929E-06,0.99593794,0.0, 0.99593794,-2.9802322E-08,-0.090043604,-0.0;
	  1.1920929E-07,1.0000002,-1.0430813E-06,0.0, 0.09004381,1.1920929E-06,0.99593794,0.0, 0.99593794,-2.9802322E-08,-0.090043604,-0.0;
	  2.3841858E-07,1.0000002,-1.0430813E-06,0.0, 0.08796272,1.3113022E-06,0.996124,0.0, 0.996124,0.0,-0.08796245,-0.0;
	  -4.172325E-07,0.99999964,-1.013279E-06,0.0, 0.08620629,7.1525574E-07,0.996277,0.0, 0.996277,2.9802322E-08,-0.086206615,-0.0;
	  -2.3841858E-07,0.9999997,-9.23872E-07,0.0, 0.08408731,5.9604645E-07,0.99645805,0.0, 0.99645805,-1.4901161E-07,-0.08408761,-0.0;
	  2.3841858E-07,1.0000002,-9.536743E-07,0.0, 0.08165279,1.1920929E-06,0.99666107,0.0, 0.99666107,-2.9802322E-08,-0.08165252,-0.0;
	  -1.1920929E-07,1.0,-9.536743E-07,0.0, 0.078994066,9.536743E-07,0.99687505,0.0, 0.99687505,-2.9802322E-08,-0.078994155,-0.0;
	  3.5762787E-07,1.0000002,-9.23872E-07,0.0, 0.076183796,1.1920929E-06,0.99709404,0.0, 0.99709404,-1.1920929E-07,-0.07618356,-0.0;
	  -1.1920929E-07,0.99999976,-9.23872E-07,0.0, 0.07328129,7.1525574E-07,0.9973111,0.0, 0.9973111,-1.1920929E-07,-0.07328153,-0.0;
	  1.1920929E-07,1.0,-8.940697E-07,0.0, 0.07039699,9.536743E-07,0.99751914,0.0, 0.99751914,-8.940697E-08,-0.0703969,-0.0;
	  -1.1920929E-07,0.9999999,-9.834766E-07,0.0, 0.06759009,8.34465E-07,0.9977131,0.0, 0.9977131,-5.9604645E-08,-0.06759024,-0.0;
	  -1.7881393E-07,0.9999999,-9.536743E-07,0.0, 0.06475416,7.1525574E-07,0.9979011,0.0, 0.9979011,-5.9604645E-08,-0.06475437,-0.0;
	  1.1920929E-07,1.0000002,-1.013279E-06,0.0, 0.061764687,1.1920929E-06,0.998091,0.0, 0.998091,2.9802322E-08,-0.06176448,-0.0;
	  0.0,1.0,-9.536743E-07,0.0, 0.058608085,9.536743E-07,0.998281,0.0, 0.99828106,-2.9802322E-08,-0.058608055,-0.0;
	  -4.7683716E-07,0.9999995,-9.536743E-07,0.0, 0.05532348,4.7683716E-07,0.99846804,0.0, 0.998468,-2.9802322E-08,-0.05532396,-0.0;
	  3.5762787E-07,1.0000004,-9.834766E-07,0.0, 0.051911622,1.4305115E-06,0.99865204,0.0, 0.998652,-5.9604645E-08,-0.051911294,-0.0;
	  -4.172325E-07,0.99999976,-1.1026859E-06,0.0, 0.04843819,8.34465E-07,0.9988259,0.0, 0.9988259,5.9604645E-08,-0.04843843,-0.0;
	  -2.9802322E-07,0.99999976,-9.536743E-07,0.0, 0.04490426,7.1525574E-07,0.998991,0.0, 0.998991,-2.9802322E-08,-0.04490459,-0.0;
	  -4.7683716E-07,0.9999996,-9.536743E-07,0.0, 0.041332424,5.9604645E-07,0.99914503,0.0, 0.99914503,-2.9802322E-08,-0.04133284,-0.0;
	  5.9604645E-07,1.0000005,-8.940697E-07,0.0, 0.037766516,1.4305115E-06,0.9992871,0.0, 0.9992871,-5.9604645E-08,-0.03776598,-0.0;
	  7.1525574E-07,1.0000006,-9.23872E-07,0.0, 0.03418541,1.5497208E-06,0.9994161,0.0, 0.9994161,-1.1920929E-07,-0.034184813,-0.0;
	  7.1525574E-07,1.0000006,-9.23872E-07,0.0, 0.03418541,1.5497208E-06,0.9994161,0.0, 0.9994161,-1.1920929E-07,-0.034184813,-0.0;
	  7.1525574E-07,1.0000006,-9.23872E-07,0.0, 0.03418541,1.5497208E-06,0.9994161,0.0, 0.9994161,-1.1920929E-07,-0.034184813,-0.0;
	  7.1525574E-07,1.0000006,-9.23872E-07,0.0, 0.03418541,1.5497208E-06,0.9994161,0.0, 0.9994161,-1.1920929E-07,-0.034184813,-0.0;
	  -4.7683716E-07,0.9999996,-1.0430813E-06,0.0, 0.019928396,5.9604645E-07,0.9998009,0.0, 0.9998009,2.9802322E-08,-0.019928813,-0.0;
	  2.3841858E-07,1.0000002,-9.536743E-07,0.0, 0.016201675,1.1920929E-06,0.99986905,0.0, 0.99986905,0.0,-0.016201377,-0.0;
	  3.5762787E-07,1.0000004,-9.834766E-07,0.0, 0.012433678,1.3113022E-06,0.99992305,0.0, 0.9999231,-5.9604645E-08,-0.0124332905,-0.0;
	  3.5762787E-07,1.0000004,-9.834766E-07,0.0, 0.012433678,1.3113022E-06,0.99992305,0.0, 0.9999231,-5.9604645E-08,-0.0124332905,-0.0;
	  3.5762787E-07,1.0000004,-9.834766E-07,0.0, 0.012433678,1.3113022E-06,0.99992305,0.0, 0.9999231,-5.9604645E-08,-0.0124332905,-0.0;
	  -1.1920929E-07,0.9999998,-9.834766E-07,0.0, 0.0012581944,8.34465E-07,0.99999905,0.0, 0.99999905,-2.9802322E-08,-0.0012583733,-0.0;
	  -2.3841858E-07,0.99999976,-1.0430813E-06,0.0, -0.0023452044,8.34465E-07,0.999997,0.0, 0.999997,-2.9802322E-08,0.002344966,-0.0;
	  -2.3841858E-07,0.99999976,-1.0430813E-06,0.0, -0.0023452044,8.34465E-07,0.999997,0.0, 0.999997,-2.9802322E-08,0.002344966,-0.0;
	  -2.3841858E-07,0.99999976,-1.0430813E-06,0.0, -0.0023452044,8.34465E-07,0.999997,0.0, 0.999997,-2.9802322E-08,0.002344966,-0.0;
	  5.9604645E-07,1.0000007,-9.23872E-07,0.0, -0.012127459,1.5497208E-06,0.99992704,0.0, 0.99992704,8.940697E-08,0.012128115,-0.0;
	  2.3841858E-07,1.0000002,-1.0430813E-06,0.0, -0.0150517225,1.3113022E-06,0.999887,0.0, 0.999887,-2.9802322E-08,0.015051961,-0.0;
	  4.7683716E-07,1.0000004,-1.0430813E-06,0.0, -0.017965645,1.4305115E-06,0.99983895,0.0, 0.99983895,-2.9802322E-08,0.017966032,-0.0;
	  -1.1920929E-07,0.99999994,-9.834766E-07,0.0, -0.020828068,9.536743E-07,0.99978304,0.0, 0.99978304,2.9802322E-08,0.020828009,-0.0;
	  -5.9604645E-08,1.0,-9.834766E-07,0.0, -0.023618013,9.536743E-07,0.99972105,0.0, 0.99972105,2.9802322E-08,0.023617983,-0.0;
	  -3.5762787E-07,0.99999976,-9.23872E-07,0.0, -0.026330233,7.1525574E-07,0.9996531,0.0, 0.9996531,8.940697E-08,0.026329994,-0.0;
	  0.0,0.9999999,-1.1026859E-06,0.0, -0.028909087,9.536743E-07,0.99958193,0.0, 0.99958193,-8.940697E-08,0.028908968,-0.0;
	  -3.5762787E-07,1.0,-1.4603138E-06,0.0, -0.031349987,1.5497208E-06,0.9995085,0.0, 0.9995085,5.066395E-07,0.031350136,-0.0;
	  -3.5762787E-07,1.0,-1.4603138E-06,0.0, -0.031349987,1.5497208E-06,0.9995085,0.0, 0.9995085,5.066395E-07,0.031350136,-0.0;
	  -3.5762787E-07,1.0,-1.4603138E-06,0.0, -0.031349987,1.5497208E-06,0.9995085,0.0, 0.9995085,5.066395E-07,0.031350136,-0.0;
	  0.0,1.0000001,-9.23872E-07,0.0, -0.03762293,1.0728836E-06,0.99929214,0.0, 0.99929214,1.1920929E-07,0.037623048,-0.0;
	  -3.5762787E-07,1.0,-1.5199184E-06,0.0, -0.039299905,1.5497208E-06,0.9992275,0.0, 0.9992275,4.7683716E-07,0.039299965,-0.0;
	  -3.5762787E-07,1.0,-1.5199184E-06,0.0, -0.039299905,1.5497208E-06,0.9992275,0.0, 0.9992275,4.7683716E-07,0.039299965,-0.0;
	  -3.5762787E-07,1.0,-1.5199184E-06,0.0, -0.039299905,1.5497208E-06,0.9992275,0.0, 0.9992275,4.7683716E-07,0.039299965,-0.0;
	  1.1920929E-07,1.0000001,-9.834766E-07,0.0, -0.042628884,1.0728836E-06,0.9990911,0.0, 0.999091,5.9604645E-08,0.042629004,-0.0;
