SE_ANIM 0.1;

SEC_PER_FRAME 0.033333;
FRAMES 141;
ANIM_ID "besurel_skill02";

BONEENVELOPES 80
{
	NAME "Bip01"
	DEFAULT_POSE {1,0,0,0, 0,1,0,0, 0,0,1,0;}
	{
	  -0.44455272,0.8949857,0.037070483,0.0, 0.0817754,-0.00066173077,0.9966512,2.45, 0.8920126,0.4460958,-0.072892666,-0.0;
	  -0.44554055,0.8945441,0.03583947,0.000849, 0.08167383,0.0007482767,0.9966589,2.450646, 0.8915285,0.44697908,-0.07339418,0.001338;
	  -0.4469263,0.893903,0.034550607,0.001295, 0.08207297,0.0025126934,0.9966227,2.451237, 0.8907976,0.4482523,-0.074489,0.001033;
	  -0.448112,0.8933573,0.03329256,0.001943, 0.08221868,0.0041007996,0.99660575,2.451856, 0.8901886,0.44932818,-0.075288475,0.00155;
	  -0.4484973,0.8932054,0.032151967,0.003395, 0.08136162,0.004976511,0.9966718,2.452585, 0.89007306,0.44962028,-0.07490528,0.005351;
	  -0.4474814,0.89374816,0.031218052,0.006254, 0.07875177,0.0046088696,0.99688363,2.453507, 0.8908191,0.44854537,-0.072446585,0.0149;
	  -0.44505113,0.8949425,0.031733215,0.010971, 0.073637456,0.0012571812,0.997284,2.455396, 0.89247227,0.44617897,-0.066461265,0.034244;
	  -0.44505113,0.8949425,0.031733215,0.017142, 0.073637456,0.0012571812,0.997284,2.458196, 0.89247227,0.44617897,-0.066461265,0.061744;
	  -0.43718076,0.89868534,0.03517562,0.024095, 0.058442682,-0.0106419325,0.9982338,2.460747, 0.8974726,0.43846428,-0.047869563,0.091324;
	  -0.43172985,0.9013456,0.03442824,0.031153, 0.050605386,-0.013904691,0.9986219,2.461888, 0.90058225,0.43287712,-0.03960991,0.116911;
	  -0.4252107,0.90461206,0.029548407,0.037643, 0.044163913,-0.011870623,0.99895394,2.460461, 0.90401644,0.42607102,-0.034903407,0.132432;
	  -0.4248501,0.90520394,0.010389328,0.045724, 0.03438306,0.0046668053,0.99939764,2.457315, 0.90461034,0.42495131,-0.033106685,0.13362;
	  -0.42138547,0.9067233,-0.01693952,0.053475, 0.026493728,0.030979037,0.9991687,2.449182, 0.90649444,0.4205863,-0.03707677,0.118093;
	  -0.39052856,0.920093,-0.030275762,0.0541, 0.037441015,0.048734784,0.99811006,2.428716, 0.9198293,0.388657,-0.05348122,0.082609;
	  -0.30614448,0.95182943,-0.017204106,0.043869, 0.086203605,0.045714498,0.9952278,2.382763, 0.94807386,0.30320022,-0.096046805,0.035699;
	  -0.18859005,0.9820514,0.0030318499,0.026512, 0.1514746,0.026038408,0.9881183,2.324478, 0.97030383,0.18680868,-0.15366614,-0.031168;
	  -0.090125084,0.99585176,0.012525469,0.00642, 0.19274926,0.005102396,0.9812348,2.28599, 0.9771005,0.09084818,-0.1924094,-0.146836;
	  -0.036859035,0.99926484,0.010549068,-0.017695, 0.19184911,-0.0032839775,0.98141897,2.280612, 0.9807321,0.038198084,-0.19158697,-0.353002;
	  -0.00586164,0.9999664,0.0056599677,-0.044884, 0.17005944,-0.004581332,0.98542273,2.295105, 0.98541594,0.0067382455,-0.17002738,-0.611077;
	  0.017013669,0.99985355,0.001426816,-0.065784, 0.15177351,-0.003993869,0.98840654,2.321256, 0.9882682,-0.01660046,-0.15182,-0.814578;
	  0.036960363,0.9993155,-0.0020785332,-0.077242, 0.1445935,-0.0032888055,0.9894866,2.364561, 0.98880154,-0.036871433,-0.14461511,-0.926568;
	  0.048882008,0.99878883,-0.0055630803,-0.082561, 0.1409632,-0.0013849735,0.99001366,2.419229, 0.9888071,-0.049178302,-0.14086044,-0.985285;
	  0.054347754,0.9984919,-0.0077362657,-0.083951, 0.1412681,-1.9192696E-05,0.98997116,2.463823, 0.98847824,-0.054895848,-0.1410563,-1.01513;
	  0.05471897,0.99846673,-0.008479923,-0.082628, 0.14586541,0.0004093647,0.98930526,2.492406, 0.98779094,-0.055369735,-0.14561832,-1.028673;
	  0.051695824,0.9986254,-0.0087156,-0.079146, 0.15343848,0.0006817579,0.98815846,2.516784, 0.98680556,-0.052420467,-0.15319175,-1.028095;
	  0.046857953,0.99886644,-0.008443266,-0.074632, 0.16158465,0.0007622242,0.9868591,2.537344, 0.98574626,-0.04760599,-0.16136515,-1.018788;
	  0.041614294,0.9991039,-0.0076979697,-0.070029, 0.16827008,0.0005861521,0.9857406,2.555616, 0.98486197,-0.042316377,-0.16809511,-1.005984;
	  0.037595868,0.9992714,-0.0065809786,-0.066492, 0.17113557,4.9948692E-05,0.9852475,2.572137, 0.98452985,-0.038167506,-0.171009,-0.995377;
	  0.034857273,0.9993795,-0.00494954,-0.063561, 0.17044744,-0.0010654926,0.9853657,2.586656, 0.98474956,-0.035191238,-0.17037934,-0.98638;
	  0.034857273,0.9993795,-0.00494954,-0.063561, 0.17044744,-0.0010654926,0.9853657,2.586656, 0.98474956,-0.035191238,-0.17037934,-0.98638;
	  0.030095577,0.9995477,-0.000318408,-0.058124, 0.16252318,-0.004578352,0.9866948,2.607885, 0.9862464,-0.029746175,-0.16258669,-0.963311;
	  0.027613878,0.99961585,0.0022202432,-0.056744, 0.15472823,-0.0064689517,0.98793554,2.616677, 0.98757076,-0.026937485,-0.15484786,-0.950374;
	  0.024715662,0.99968374,0.004639894,-0.057004, 0.14380023,-0.008148193,0.9895732,2.625758, 0.989298,-0.023790777,-0.14395618,-0.937013;
	  0.024715662,0.99968374,0.004639894,-0.057004, 0.14380023,-0.008148193,0.9895732,2.625758, 0.989298,-0.023790777,-0.14395618,-0.937013;
	  0.019421577,0.99976754,0.009332567,-0.063568, 0.10732147,-0.011365294,0.99415916,2.642968, 0.9940344,-0.018306792,-0.10751754,-0.909718;
	  0.016365886,0.99979866,0.01161015,-0.063568, 0.08472636,-0.012956619,0.99632,2.642968, 0.9962698,-0.015322,-0.08492136,-0.909718;
	  0.012021542,0.9998344,0.013620168,-0.07427, 0.063123554,-0.0143533945,0.997902,2.658712, 0.9979328,-0.011137068,-0.063286185,-0.879537;
	  0.0057173967,0.99986905,0.015158385,-0.07427, 0.04582089,-0.015404344,0.99883115,2.658712, 0.99893355,-0.00501585,-0.04590267,-0.879537;
	  -0.0038616657,0.9998625,0.016166627,-0.084238, 0.0329445,-0.016030073,0.99932927,2.675128, 0.9994504,0.004392326,-0.032877326,-0.845355;
	  -0.016345978,0.9997268,0.016735554,-0.084238, 0.022335142,-0.016368032,0.999617,2.675128, 0.99961734,0.016713977,-0.02206093,-0.845355;
	  -0.02967918,0.99941576,0.016951263,-0.095109, 0.013770789,-0.016548276,0.99976826,2.692202, 0.9994647,0.029905796,-0.01327157,-0.806282;
	  -0.041595697,0.99899083,0.01694557,-0.095109, 0.0070868134,-0.016664803,0.999836,2.692202, 0.9991094,0.041709006,-0.006386459,-0.806282;
	  -0.050062418,0.9986031,0.016877323,-0.101999, 0.0019881427,-0.016799212,0.99985653,2.708793, 0.9987438,0.050088465,-0.0011447668,-0.767136;
	  -0.05549389,0.99831927,0.016661972,-0.102837, -0.0015307069,-0.016773462,0.9998573,2.7168, 0.9984571,0.055459708,0.0024580956,-0.748519;
	  -0.059250116,0.99811053,0.01624754,-0.102421, -0.0032625198,-0.016470075,0.9998586,2.724709, 0.9982375,0.059188366,0.0042318106,-0.730137;
	  -0.060791373,0.9980248,0.01585564,-0.102421, -0.0032781363,-0.016084313,0.99986553,2.724709, 0.99814534,0.06073141,0.004249692,-0.730137;
	  -0.059673786,0.9980946,0.015689522,-0.097938, -0.0017003417,-0.015819073,0.9998734,2.740047, 0.9982165,0.059639573,0.0026410818,-0.693433;
	  -0.055354297,0.99834013,0.015936673,-0.097938, 0.001425147,-0.015881538,0.9998734,2.740047, 0.9984663,0.05537054,-0.0005429983,-0.693433;
	  -0.04571855,0.9988129,0.016809791,-0.088116, 0.0070889294,-0.016502619,0.9998387,2.755488, 0.99892914,0.04583028,-0.0063260794,-0.653578;
	  -0.031164229,0.99935055,0.018084884,-0.088116, 0.015298516,-0.017614782,0.9997277,2.755488, 0.99939704,0.0314323,-0.014739811,-0.653578;
	  -0.014723778,0.99970424,0.019359946,-0.072289, 0.024598718,-0.018993974,0.99951696,2.771243, 0.9995891,0.015192956,-0.024311662,-0.610437;
	  0.0003540516,0.9997934,0.020309567,-0.072289, 0.033438563,-0.020310342,0.9992341,2.771243, 0.99944043,0.00032511353,-0.0334391,-0.610437;
	  0.010609388,0.9997289,0.020700902,-0.055618, 0.040167093,-0.021111965,0.99896944,2.784472, 0.9991361,-0.009767562,-0.040380716,-0.570418;
	  0.010609388,0.9997289,0.020700902,-0.055618, 0.040167093,-0.021111965,0.99896944,2.784472, 0.9991361,-0.009767562,-0.040380716,-0.570418;
	  0.02170837,0.99955535,0.02042678,-0.041306, 0.049230665,-0.021475792,0.99855626,2.794502, 0.99855125,-0.020671725,-0.049675226,-0.536525;
	  0.023442745,0.9995271,0.019909114,-0.041306, 0.05229184,-0.021113038,0.9984088,2.794502, 0.9983568,-0.02236411,-0.052761793,-0.536525;
	  0.020836592,0.99960124,0.019072294,-0.026895, 0.053854704,-0.02017057,0.9983453,2.800775, 0.99833167,-0.019774735,-0.05425322,-0.50756;
	  0.0126668215,0.99976015,0.017861128,-0.019203, 0.053584844,-0.018515706,0.9983915,2.801315, 0.9984828,-0.0116894245,-0.053806663,-0.495979;
	  -0.024999857,0.99960524,0.012869775,-0.009722, 0.035209715,-0.011984706,0.9993087,2.802459, 0.99906784,0.025436282,-0.03489554,-0.472648;
	  -0.06970847,0.99752116,0.009616554,0.000662, 0.030421883,-0.007509649,0.9995091,2.780567, 0.9971035,0.06996694,-0.029822886,-0.496596;
	  -0.08632207,0.9959893,0.023520917,0.011891, 0.096812636,-0.015111566,0.9951876,2.704336, 0.9915519,0.08818346,-0.09512031,-0.628207;
	  -0.08444917,0.9958513,0.033891976,0.019576, 0.16044867,-0.01997912,0.98684204,2.615595, 0.98342496,0.08877599,-0.15809572,-0.831789;
	  -0.05333519,0.9984775,0.014060259,0.017133, 0.14550143,-0.006159544,0.9893387,2.550722, 0.9879192,0.054812253,-0.14495158,-1.109589;
	  -0.025533259,0.99965644,-0.00582245,0.011208, 0.1201016,0.008848906,0.9927215,2.491066, 0.9924326,0.024647534,-0.120287,-1.419398;
	  -0.027895272,0.99957323,-0.008668244,0.006824, 0.12549591,0.012104988,0.99202025,2.487755, 0.9917018,0.026584774,-0.1257801,-1.444026;
	  -0.037551403,0.99926084,-0.00824365,0.006824, 0.13610011,0.013286948,0.9906062,2.487755, 0.9899833,0.036076814,-0.13649827,-1.444026;
	  -0.050051153,0.99873006,-0.005748719,0.006824, 0.14926696,0.013171434,0.9887091,2.487755, 0.9875293,0.048627824,-0.14973676,-1.444026;
	  -0.060985208,0.99813604,-0.002481699,0.006824, 0.16235593,0.012373447,0.9866551,2.487755, 0.9848463,0.059768885,-0.16280735,-1.444026;
	  -0.06600523,0.99781907,7.688999E-05,-0.01058, 0.17267895,0.011346459,0.9849125,2.476084, 0.9827639,0.06502244,-0.1730516,-1.535039;
	  -0.06600523,0.99781907,7.688999E-05,-0.013049, 0.17267895,0.011346459,0.9849125,2.476361, 0.9827639,0.06502244,-0.1730516,-1.546228;
	  -0.06254524,0.99803466,0.0038888156,-0.015547, 0.18936533,0.008041501,0.98187387,2.476175, 0.97991276,0.062148064,-0.18949598,-1.557425;
	  -0.06254524,0.99803466,0.0038888156,-0.015547, 0.18936533,0.008041501,0.98187387,2.476175, 0.97991276,0.062148064,-0.18949598,-1.557425;
	  -0.06254524,0.99803466,0.0038888156,-0.020581, 0.18936533,0.008041501,0.98187387,2.475505, 0.97991276,0.062148064,-0.18949598,-1.579939;
	  -0.06254524,0.99803466,0.0038888156,-0.020581, 0.18936533,0.008041501,0.98187387,2.475505, 0.97991276,0.062148064,-0.18949598,-1.579939;
	  -0.0414356,0.9990734,0.011617094,-0.025473, 0.21814951,-0.0023005009,0.9759124,2.476387, 0.9750351,0.04297155,-0.21785235,-1.602123;
	  -0.0414356,0.9990734,0.011617094,-0.025473, 0.21814951,-0.0023005009,0.9759124,2.476387, 0.9750351,0.04297155,-0.21785235,-1.602123;
	  -0.033516288,0.9993361,0.014324576,-0.030033, 0.22558889,-0.006397605,0.9742023,2.481117, 0.9736465,0.035883695,-0.2252239,-1.623595;
	  -0.035215735,0.9992806,0.0140529275,-0.031535, 0.22166726,-0.005901456,0.9751042,2.488704, 0.97448593,0.0374538,-0.22130036,-1.634781;
	  -0.040142298,0.9991138,0.012625217,-0.032576, 0.20965219,-0.003932655,0.9777677,2.50182, 0.97695124,0.041896343,-0.2093091,-1.645067;
	  -0.040915728,0.99908507,0.012463719,-0.034539, 0.19545093,-0.004229784,0.98070455,2.517118, 0.9798598,0.042562485,-0.19509882,-1.651142;
	  -0.033640504,0.99930143,0.016249508,-0.037887, 0.17779163,-0.010016441,0.98401666,2.534946, 0.9834925,0.03599131,-0.17733109,-1.650538;
	  -0.0223099,0.99951744,0.02159661,-0.042147, 0.15794352,-0.017807484,0.98728716,2.55484, 0.9871957,0.025436908,-0.15747052,-1.645685;
	  -0.011152267,0.99966776,0.023247868,-0.047242, 0.1464453,-0.021365523,0.98898816,2.571695, 0.9891561,0.014434189,-0.1461581,-1.640382;
	  0.0011535883,0.9998876,0.014997482,-0.05416, 0.15859649,-0.014989734,0.9872304,2.582143, 0.98734355,0.0012403727,-0.15859509,-1.634399;
	  0.007552266,0.9999713,0.0012924671,-0.061929, 0.17723367,-0.002609849,0.984166,2.585287, 0.98414046,-0.0072030127,-0.17724752,-1.62984;
	  0.001226306,0.999894,-0.014492452,-0.070566, 0.18381199,0.014019966,0.9828613,2.580293, 0.98296046,-0.0038692951,-0.18377554,-1.629882;
	  -0.010265827,0.99946976,-0.030896723,-0.079107, 0.18718824,0.032272816,0.9817937,2.571723, 0.9822703,0.004295349,-0.18742037,-1.631713;
	  -0.022306442,0.9989892,-0.03903401,-0.082655, 0.18944678,0.042560577,0.9809686,2.565852, 0.98163795,0.014487416,-0.1902042,-1.634052;
	  -0.035005093,0.99875355,-0.035591662,-0.079931, 0.19161949,0.041660786,0.98058516,2.564543, 0.9808453,0.027505815,-0.19283849,-1.637133;
	  -0.04920733,0.9984467,-0.026115179,-0.079931, 0.19334435,0.03517413,0.9804998,2.564543, 0.97989583,0.04319817,-0.19477534,-1.637133;
	  -0.06101072,0.9980291,-0.014664441,-0.066013, 0.19473886,0.02631116,0.9805019,2.566572, 0.9789555,0.056965113,-0.1959607,-1.644117;
	  -0.066532075,0.99776995,-0.0053552985,-0.057575, 0.19577304,0.018316746,0.98047817,2.568849, 0.9783897,0.064184815,-0.19655514,-1.644797;
	  -0.063476205,0.99798167,0.0018642545,-0.04838, 0.19483343,0.010560274,0.9807795,2.57244, 0.97878027,0.06261945,-0.19511044,-1.643635;
	  -0.05461383,0.9984659,0.009141296,-0.04838, 0.1918881,0.0015108585,0.98141587,2.57244, 0.9798963,0.055353165,-0.19167596,-1.643635;
	  -0.04381287,0.99891627,0.0157485,-0.02712, 0.18934372,-0.007174492,0.9818853,2.582626, 0.98093355,0.046001703,-0.18882334,-1.638455;
	  -0.03513336,0.9991671,0.020763189,-0.016784, 0.1897631,-0.013728142,0.98173404,2.586553, 0.9812013,0.038431883,-0.1891225,-1.632919;
	  -0.032399416,0.9992019,0.023363888,-0.007729, 0.19571224,-0.016581059,0.98052114,2.587961, 0.98012596,0.036340892,-0.19501883,-1.624396;
	  -0.035768986,0.9991225,0.021778762,-8E-06, 0.21134448,-0.01373744,0.9773149,2.585002, 0.9767567,0.03956014,-0.21066797,-1.612013;
	  -0.0426836,0.9989486,0.01672244,0.00689, 0.23468637,-0.0062444806,0.972051,2.578596, 0.9711335,0.045415074,-0.23417318,-1.596385;
	  -0.053067803,0.99853027,0.010981649,0.013133, 0.25973776,0.0031833649,0.9656736,2.571421, 0.9642197,0.054098308,-0.2595253,-1.578621;
	  -0.06653428,0.9977572,0.00733763,0.018755, 0.28021184,0.011626601,0.95986784,2.566284, 0.9576296,0.06592026,-0.28035694,-1.560119;
	  -0.082579136,0.99654937,0.00833565,0.023837, 0.29018167,0.016041994,0.9568367,2.565957, 0.9534016,0.08143327,-0.2905056,-1.542191;
	  -0.10211152,0.9946478,0.015746355,0.028307, 0.28719515,0.014320493,0.9577644,2.571517, 0.9524133,0.10232052,-0.28712118,-1.524991;
	  -0.12524903,0.99174595,0.027445644,0.032055, 0.27542898,0.008182168,0.961287,2.581039, 0.9531276,0.12795997,-0.27417982,-1.507854;
	  -0.15090823,0.98772675,0.040279835,0.035259, 0.2587443,0.00014019012,0.9659458,2.593039, 0.9540849,0.15619129,-0.25558984,-1.490302;
	  -0.17774427,0.98274004,0.051279336,0.035259, 0.2409009,-0.0070706606,0.9705243,2.593039, 0.9541354,0.18485868,-0.23548567,-1.490302;
	  -0.20409828,0.97724634,0.0577358,0.040618, 0.22563857,-0.010428488,0.97415525,2.61839, 0.9525918,0.21185082,-0.2183761,-1.452596;
	  -0.23266411,0.9707918,0.05856794,0.043236, 0.21087623,-0.00843215,0.97747606,2.632442, 0.9494199,0.23977393,-0.20275557,-1.432198;
	  -0.26411873,0.96290034,0.05535829,0.045811, 0.19399863,-0.0031856298,0.98099685,2.649149, 0.9447783,0.2698392,-0.1859597,-1.411141;
	  -0.2947402,0.95426667,0.05003497,0.047906, 0.17754439,0.0032377243,0.9841075,2.665364, 0.93893886,0.29893947,-0.17037892,-1.388912;
	  -0.32043767,0.94620466,0.04491359,0.04904, 0.16456139,0.008912325,0.98632723,2.677629, 0.9328666,0.32344788,-0.15856373,-1.365411;
	  -0.33792436,0.9402183,0.04239005,0.04878, 0.1579257,0.012244225,0.98737526,2.682812, 0.92782915,0.34035274,-0.15262198,-1.340133;
	  -0.3488928,0.9362054,0.042346776,0.047407, 0.15697864,0.013833523,0.9875051,2.68241, 0.92392176,0.3511809,-0.15179074,-1.314948;
	  -0.3488928,0.9362054,0.042346776,0.047407, 0.15697864,0.013833523,0.9875051,2.68241, 0.92392176,0.3511809,-0.15179074,-1.314948;
	  -0.36430985,0.93023115,0.044145525,0.043338, 0.16221482,0.016707897,0.9866144,2.676542, 0.91704154,0.3665946,-0.15698355,-1.268758;
	  -0.36430985,0.93023115,0.044145525,0.043338, 0.16221482,0.016707897,0.9866144,2.676542, 0.91704154,0.3665946,-0.15698355,-1.268758;
	  -0.36430985,0.93023115,0.044145525,0.038048, 0.16221482,0.016707897,0.9866144,2.665427, 0.91704154,0.3665946,-0.15698355,-1.222062;
	  -0.37708044,0.9248389,0.049827456,0.035146, 0.17867318,0.019849896,0.9837077,2.658442, 0.9087825,0.37983948,-0.17272967,-1.196251;
	  -0.37708044,0.9248389,0.049827456,0.032217, 0.17867318,0.019849896,0.9837077,2.650889, 0.9087825,0.37983948,-0.17272967,-1.167907;
	  -0.37708044,0.9248389,0.049827456,0.02933, 0.17867318,0.019849896,0.9837077,2.642961, 0.9087825,0.37983948,-0.17272967,-1.136012;
	  -0.38632298,0.92067415,0.055800706,0.026571, 0.19038194,0.020398855,0.98149824,2.63489, 0.9025017,0.3897988,-0.18316019,-1.0997;
	  -0.38632298,0.92067415,0.055800706,0.024041, 0.19038194,0.020398855,0.98149824,2.626959, 0.9025017,0.3897988,-0.18316019,-1.058387;
	  -0.39490116,0.9168643,0.058419913,0.021543, 0.1877537,0.018293858,0.98204565,2.618475, 0.89933395,0.39877942,-0.17936909,-1.009428;
	  -0.39490116,0.9168643,0.058419913,0.018913, 0.1877537,0.018293858,0.98204565,2.6089, 0.89933395,0.39877942,-0.17936909,-0.952711;
	  -0.40365267,0.9128835,0.06089294,0.016225, 0.1768814,0.012565255,0.98415184,2.598497, 0.897651,0.40802625,-0.16654432,-0.890094;
	  -0.40365267,0.9128835,0.06089294,0.013553, 0.1768814,0.012565255,0.98415184,2.587533, 0.897651,0.40802625,-0.16654432,-0.823438;
	  -0.4118333,0.909093,0.06279433,0.010971, 0.16142502,0.004961133,0.9868724,2.576272, 0.89684737,0.41656345,-0.1487937,-0.7546;
	  -0.4118333,0.909093,0.06279433,0.010971, 0.16142502,0.004961133,0.9868724,2.576272, 0.89684737,0.41656345,-0.1487937,-0.7546;
	  -0.41924936,0.90565,0.063467145,0.006358, 0.14491296,-0.0022551417,0.9894419,2.553859, 0.8962311,0.42402008,-0.13029492,-0.617396;
	  -0.42257357,0.90412545,0.06315777,0.004491, 0.13742855,-0.004959464,0.9904993,2.543308, 0.89584875,0.42723852,-0.12215674,-0.553191;
	  -0.42560893,0.90275776,0.062332988,0.003009, 0.13103935,-0.006671369,0.9913547,2.533525, 0.89536905,0.43009746,-0.115457416,-0.494249;
	  -0.4283086,0.9015739,0.06095773,0.001465, 0.12549412,-0.007458329,0.9920659,2.519392, 0.8948757,0.43256006,-0.10994828,-0.409957;
	  -0.43068492,0.9005649,0.05910313,0.000657, 0.120214105,-0.0076601505,0.9927183,2.5063, 0.89446014,0.4346537,-0.10496169,-0.332274;
	  -0.43279088,0.8996999,0.056853116,0.000339, 0.11514902,-0.007377684,0.993321,2.494308, 0.89411014,0.43644696,-0.10040629,-0.261385;
	  -0.434681,0.8989463,0.05429423,0.000278, 0.11025271,-0.006716013,0.99388087,2.483473, 0.8938102,0.43800715,-0.09619212,-0.197479;
	  -0.434681,0.8989463,0.05429423,0.000297, 0.11025271,-0.006716013,0.99388087,2.473882, 0.8938102,0.43800715,-0.09619212,-0.140963;
	  -0.434681,0.8989463,0.05429423,0.00029, 0.11025271,-0.006716013,0.99388087,2.465716, 0.8938102,0.43800715,-0.09619212,-0.09282;
	  -0.434681,0.8989463,0.05429423,0.000226, 0.11025271,-0.006716013,0.99388087,2.459039, 0.8938102,0.43800715,-0.09619212,-0.053422;
	  -0.44116324,0.8964131,0.042643517,0.000126, 0.09143692,-0.0023719668,0.9958079,2.454091, 0.89275646,0.44321296,-0.08091903,-0.024196;
	  -0.44116324,0.8964131,0.042643517,3.6E-05, 0.09143692,-0.0023719668,0.9958079,2.45104, 0.89275646,0.44321296,-0.08091903,-0.006152;
	  -0.44454134,0.89499056,0.03708625,0.0, 0.08180645,-0.000665009,0.99664855,2.45, 0.8920153,0.4460856,-0.07291967,-0.0;
	}
	NAME "Bip01 Pelvis"
	DEFAULT_POSE {1,0,0,0, 0,1,0,0, 0,0,1,0;}
	{
	  -3.5762787E-07,0.99999964,-9.834766E-07,-0.0, -0.019370317,5.9604645E-07,0.999812,0.0, 0.999812,2.9802322E-08,0.01936996,-0.0;
	  4.7683716E-07,0.9999999,-1.4007092E-06,-0.0, -0.021089047,1.3113022E-06,0.99977756,0.0, 0.99977756,-4.4703484E-07,0.021088958,-0.0;
	  -3.5762787E-07,0.99999976,-8.940697E-07,-0.0, -0.022254258,5.9604645E-07,0.99975204,0.0, 0.9997521,8.940697E-08,0.02225399,-0.0;
	  -3.5762787E-07,0.99999976,-8.940697E-07,-0.0, -0.022254258,5.9604645E-07,0.99975204,0.0, 0.9997521,8.940697E-08,0.02225399,-0.0;
	  -3.5762787E-07,0.99999964,-8.940697E-07,-0.0, -0.026249379,4.7683716E-07,0.9996551,0.0, 0.9996551,8.940697E-08,0.026249051,-0.0;
	  -3.5762787E-07,0.99999964,-1.0430813E-06,-0.0, -0.030744314,7.1525574E-07,0.999527,0.0, 0.999527,-2.9802322E-08,0.030743957,-0.0;
	  1.1920929E-07,1.0000002,-9.536743E-07,-0.0, -0.039717853,1.0728836E-06,0.99921113,0.0, 0.99921113,1.1920929E-07,0.039718032,-0.0;
	  1.1920929E-07,1.0000002,-9.536743E-07,-0.0, -0.039717853,1.0728836E-06,0.99921113,0.0, 0.99921113,1.1920929E-07,0.039718032,-0.0;
	  1.1920929E-07,1.0000002,-9.536743E-07,-0.0, -0.039717853,1.0728836E-06,0.99921113,0.0, 0.99921113,1.1920929E-07,0.039718032,-0.0;
	  1.1920929E-07,1.0,-9.834766E-07,-0.0, -0.074927986,1.0728836E-06,0.99718904,0.0, 0.99718904,5.9604645E-08,0.074928045,-0.0;
	  1.1920929E-07,0.99999994,-1.013279E-06,-0.0, -0.07675499,9.536743E-07,0.9970499,0.0, 0.99705,-2.9802322E-08,0.07675505,-0.0;
	  -2.3841858E-07,0.99999976,-9.536743E-07,-0.0, -0.060827255,7.1525574E-07,0.9981481,0.0, 0.998148,2.9802322E-08,0.060827017,-0.0;
	  0.0,1.0,-1.0430813E-06,-0.0, -0.031109065,1.0728836E-06,0.999516,0.0, 0.999516,-2.9802322E-08,0.031109095,-0.0;
	  -3.5762787E-07,0.99999976,-9.23872E-07,-0.0, -0.005233288,7.1525574E-07,0.99998605,0.0, 0.99998605,8.940697E-08,0.0052330494,-0.0;
	  -1.1920929E-07,1.0,-1.1026859E-06,-0.0, 0.010965943,1.0728836E-06,0.9999399,0.0, 0.9999399,8.940697E-08,-0.010965943,-0.0;
	  -1.1920929E-07,1.0,-1.1026859E-06,-0.0, 0.010965943,1.0728836E-06,0.9999399,0.0, 0.9999399,8.940697E-08,-0.010965943,-0.0;
	  4.7683716E-07,1.0000004,-9.834766E-07,-0.0, 0.031534642,1.4305115E-06,0.9995031,0.0, 0.999503,-5.9604645E-08,-0.031534255,-0.0;
	  -1.1920929E-07,0.9999999,-1.0430813E-06,-0.0, 0.034257144,9.536743E-07,0.99941295,0.0, 0.999413,0.0,-0.034257174,-0.0;
	  1.1920929E-07,1.0000002,-1.013279E-06,-0.0, 0.032895833,1.1920929E-06,0.999459,0.0, 0.99945897,2.9802322E-08,-0.032895625,-0.0;
	  1.1920929E-07,1.0000002,-1.013279E-06,-0.0, 0.032895833,1.1920929E-06,0.999459,0.0, 0.99945897,2.9802322E-08,-0.032895625,-0.0;
	  1.1920929E-07,1.0000002,-1.013279E-06,-0.0, 0.032895833,1.1920929E-06,0.999459,0.0, 0.99945897,2.9802322E-08,-0.032895625,-0.0;
	  1.1920929E-07,1.0000002,-1.013279E-06,-0.0, 0.032895833,1.1920929E-06,0.999459,0.0, 0.99945897,2.9802322E-08,-0.032895625,-0.0;
	  4.7683716E-07,1.0000004,-9.834766E-07,-0.0, 0.031534642,1.4305115E-06,0.9995031,0.0, 0.999503,-5.9604645E-08,-0.031534255,-0.0;
	  -3.5762787E-07,0.9999997,-9.834766E-07,-0.0, 0.031576335,7.1525574E-07,0.999501,0.0, 0.999501,-2.9802322E-08,-0.031576633,-0.0;
	  3.5762787E-07,1.0000004,-9.834766E-07,-0.0, 0.031660646,1.4305115E-06,0.9994991,0.0, 0.9994991,-2.9802322E-08,-0.03166026,-0.0;
	  3.5762787E-07,1.0000004,-9.536743E-07,-0.0, 0.031722695,1.3113022E-06,0.99949706,0.0, 0.999497,-2.9802322E-08,-0.031722367,-0.0;
	  -1.7881393E-07,0.99999976,-8.940697E-07,-0.0, 0.031703234,7.1525574E-07,0.99949706,0.0, 0.9994971,-8.940697E-08,-0.031703472,-0.0;
	  -1.7881393E-07,0.99999976,-8.940697E-07,-0.0, 0.031703234,7.1525574E-07,0.99949706,0.0, 0.9994971,-8.940697E-08,-0.031703472,-0.0;
	  4.7683716E-07,1.0000005,-9.834766E-07,-0.0, 0.03125152,1.4305115E-06,0.9995121,0.0, 0.9995121,-2.9802322E-08,-0.031251073,-0.0;
	  3.5762787E-07,1.0000005,-1.0430813E-06,-0.0, 0.030897558,1.4305115E-06,0.9995229,0.0, 0.9995229,2.9802322E-08,-0.03089714,-0.0;
	  -2.3841858E-07,0.9999999,-9.536743E-07,-0.0, 0.03041926,8.34465E-07,0.99953705,0.0, 0.99953705,0.0,-0.03041935,-0.0;
	  3.5762787E-07,1.0,-1.5497208E-06,-0.0, 0.029778957,1.5497208E-06,0.9995565,0.0, 0.9995565,-4.7683716E-07,-0.029778957,-0.0;
	  1.1920929E-07,1.0000001,-9.834766E-07,-0.0, 0.028914839,1.1920929E-06,0.999582,0.0, 0.99958205,-5.9604645E-08,-0.02891469,-0.0;
	  0.0,1.0,-9.834766E-07,-0.0, 0.027995974,9.536743E-07,0.99960804,0.0, 0.99960804,-2.9802322E-08,-0.027996004,-0.0;
	  0.0,1.0,-1.0430813E-06,-0.0, 0.027054995,1.0728836E-06,0.99963397,0.0, 0.9996339,0.0,-0.027054906,-0.0;
	  1.1920929E-07,1.0000001,-9.834766E-07,-0.0, 0.025848866,1.1920929E-06,0.999666,0.0, 0.999666,-2.9802322E-08,-0.025848746,-0.0;
	  4.7683716E-07,1.0000005,-9.23872E-07,-0.0, 0.024136603,1.3113022E-06,0.9997091,0.0, 0.9997091,-8.940697E-08,-0.024136186,-0.0;
	  4.7683716E-07,1.0000005,-9.23872E-07,-0.0, 0.024136603,1.3113022E-06,0.9997091,0.0, 0.9997091,-8.940697E-08,-0.024136186,-0.0;
	  -3.5762787E-07,0.9999997,-1.0430813E-06,-0.0, 0.018203318,7.1525574E-07,0.99983394,0.0, 0.99983394,2.9802322E-08,-0.018203616,-0.0;
	  4.7683716E-07,1.0000005,-9.834766E-07,-0.0, 0.013737619,1.4305115E-06,0.99990606,0.0, 0.99990606,-5.9604645E-08,-0.013737202,-0.0;
	  2.3841858E-07,1.0000002,-1.013279E-06,-0.0, 0.008849829,1.1920929E-06,0.9999611,0.0, 0.9999611,-5.9604645E-08,-0.008849561,-0.0;
	  2.3841858E-07,1.0000002,-1.013279E-06,-0.0, 0.008849829,1.1920929E-06,0.9999611,0.0, 0.9999611,-5.9604645E-08,-0.008849561,-0.0;
	  1.1920929E-07,1.0,-8.940697E-07,-0.0, 0.00019794703,9.536743E-07,1.0,0.0, 1.0,-5.9604645E-08,-0.00019788742,-0.0;
	  1.1920929E-07,1.0,-8.940697E-07,-0.0, 0.00019794703,9.536743E-07,1.0,0.0, 1.0,-5.9604645E-08,-0.00019788742,-0.0;
	  4.7683716E-07,1.0000005,-9.834766E-07,-0.0, -0.0072655976,1.4305115E-06,0.99997413,0.0, 0.99997413,2.9802322E-08,0.0072660446,-0.0;
	  -1.7881393E-07,0.99999976,-1.0430813E-06,-0.0, -0.010466307,8.34465E-07,0.999945,0.0, 0.99994504,0.0,0.010466099,-0.0;
	  -2.9802322E-07,0.99999964,-1.0430813E-06,-0.0, -0.012468308,7.1525574E-07,0.9999219,0.0, 0.9999219,-2.9802322E-08,0.01246798,-0.0;
	  1.1920929E-07,1.0000002,-9.23872E-07,-0.0, -0.012662768,1.1920929E-06,0.99992007,0.0, 0.99992,1.1920929E-07,0.012663007,-0.0;
	  -1.1920929E-07,0.9999999,-9.834766E-07,-0.0, -0.010377139,9.536743E-07,0.999946,0.0, 0.999946,2.9802322E-08,0.010377049,-0.0;
	  4.7683716E-07,1.0000005,-1.0430813E-06,-0.0, -0.0060685277,1.4305115E-06,0.999982,0.0, 0.999982,0.0,0.006068945,-0.0;
	  2.3841858E-07,1.0000002,-1.013279E-06,-0.0, -0.00065785646,1.1920929E-06,0.99999994,0.0, 0.99999994,-5.9604645E-08,0.0006580353,-0.0;
	  2.3841858E-07,1.0000002,-1.013279E-06,-0.0, -0.00065785646,1.1920929E-06,0.99999994,0.0, 0.99999994,-5.9604645E-08,0.0006580353,-0.0;
	  3.5762787E-07,1.0000004,-9.536743E-07,-0.0, 0.0095226765,1.3113022E-06,0.99995506,0.0, 0.99995506,0.0,-0.009522319,-0.0;
	  3.5762787E-07,1.0000004,-9.536743E-07,-0.0, 0.0095226765,1.3113022E-06,0.99995506,0.0, 0.99995506,0.0,-0.009522319,-0.0;
	  2.3841858E-07,1.0000001,-8.940697E-07,-0.0, 0.016190886,9.536743E-07,0.9998691,0.0, 0.99986905,-8.940697E-08,-0.016190767,-0.0;
	  -4.7683716E-07,0.9999995,-1.0430813E-06,-0.0, 0.019212484,5.9604645E-07,0.999815,0.0, 0.999815,2.9802322E-08,-0.019212961,-0.0;
	  -3.5762787E-07,0.9999996,-9.23872E-07,-0.0, 0.022382438,4.7683716E-07,0.99974906,0.0, 0.99974906,-1.1920929E-07,-0.022382855,-0.0;
	  -3.5762787E-07,0.9999996,-9.23872E-07,-0.0, 0.022382438,4.7683716E-07,0.99974906,0.0, 0.99974906,-1.1920929E-07,-0.022382855,-0.0;
	  -3.5762787E-07,0.9999996,-9.23872E-07,-0.0, 0.022382438,4.7683716E-07,0.99974906,0.0, 0.99974906,-1.1920929E-07,-0.022382855,-0.0;
	  4.7683716E-07,1.0000005,-9.834766E-07,-0.0, 0.03728667,1.4305115E-06,0.999305,0.0, 0.999305,-2.9802322E-08,-0.037286162,-0.0;
	  4.7683716E-07,1.0000005,-9.834766E-07,-0.0, 0.03728667,1.4305115E-06,0.999305,0.0, 0.999305,-2.9802322E-08,-0.037286162,-0.0;
	  -3.5762787E-07,0.99999964,-9.536743E-07,-0.0, 0.031544298,7.1525574E-07,0.99950206,0.0, 0.99950206,-2.9802322E-08,-0.031544626,-0.0;
	  0.0,1.0,-1.0430813E-06,-0.0, 0.031173944,1.0728836E-06,0.999514,0.0, 0.999514,2.9802322E-08,-0.031173944,-0.0;
	  4.7683716E-07,1.0000004,-9.834766E-07,-0.0, 0.031534642,1.4305115E-06,0.9995031,0.0, 0.999503,-5.9604645E-08,-0.031534255,-0.0;
	  1.1920929E-07,1.0000002,-1.1026859E-06,-0.0, 0.031530797,1.3113022E-06,0.99950296,0.0, 0.9995029,5.9604645E-08,-0.03153062,-0.0;
	  2.3841858E-07,1.0000001,-9.834766E-07,-0.0, 0.031526893,1.1920929E-06,0.9995031,0.0, 0.999503,-5.9604645E-08,-0.031526744,-0.0;
	  -5.9604645E-08,1.0,-9.834766E-07,-0.0, 0.031522036,9.536743E-07,0.999503,0.0, 0.999503,-5.9604645E-08,-0.031522036,-0.0;
	  -3.5762787E-07,0.9999997,-1.1026859E-06,-0.0, 0.031516254,8.34465E-07,0.9995029,0.0, 0.9995029,8.940697E-08,-0.031516552,-0.0;
	  3.5762787E-07,1.0,-1.6093254E-06,-0.0, 0.031508,1.5497208E-06,0.9995035,0.0, 0.99950343,-4.4703484E-07,-0.031508088,-0.0;
	  3.5762787E-07,1.0,-1.6093254E-06,-0.0, 0.031508,1.5497208E-06,0.9995035,0.0, 0.99950343,-4.4703484E-07,-0.031508088,-0.0;
	  8.34465E-07,1.0000004,-5.364418E-07,-0.0, 0.031484634,8.34465E-07,0.99950457,0.0, 0.99950457,-5.364418E-07,-0.031484246,-0.0;
	  8.34465E-07,1.0000004,-5.364418E-07,-0.0, 0.031484634,8.34465E-07,0.99950457,0.0, 0.99950457,-5.364418E-07,-0.031484246,-0.0;
	  0.0,1.0,-8.940697E-07,-0.0, 0.031456023,8.34465E-07,0.9995051,0.0, 0.9995051,-5.9604645E-08,-0.031456053,-0.0;
	  2.3841858E-07,1.0000004,-1.0430813E-06,-0.0, 0.031440616,1.4305115E-06,0.999506,0.0, 0.999506,2.9802322E-08,-0.031440258,-0.0;
	  -1.7881393E-07,0.9999999,-1.0430813E-06,-0.0, 0.031426072,9.536743E-07,0.999506,0.0, 0.999506,2.9802322E-08,-0.03142619,-0.0;
	  5.9604645E-07,1.0000005,-9.23872E-07,-0.0, 0.03140852,1.4305115E-06,0.9995071,0.0, 0.9995072,-1.1920929E-07,-0.031408012,-0.0;
	  1.1920929E-07,1.0,-9.23872E-07,-0.0, 0.03139302,9.536743E-07,0.9995071,0.0, 0.9995072,-1.1920929E-07,-0.03139305,-0.0;
	  3.5762787E-07,1.0000004,-9.536743E-07,-0.0, 0.031375617,1.3113022E-06,0.999508,0.0, 0.999508,0.0,-0.03137523,-0.0;
	  -1.1920929E-07,0.9999999,-9.834766E-07,-0.0, 0.03136015,8.34465E-07,0.999508,0.0, 0.999508,-5.9604645E-08,-0.03136027,-0.0;
	  2.3841858E-07,1.0000002,-1.0430813E-06,-0.0, 0.031342715,1.3113022E-06,0.999509,0.0, 0.999509,2.9802322E-08,-0.031342447,-0.0;
	  -2.9802322E-07,0.99999976,-1.0430813E-06,-0.0, 0.03132817,8.34465E-07,0.9995089,0.0, 0.999509,0.0,-0.03132832,-0.0;
	  4.7683716E-07,1.0000005,-9.834766E-07,-0.0, 0.03131357,1.4305115E-06,0.99951005,0.0, 0.99951005,-5.9604645E-08,-0.03131306,-0.0;
	  -5.9604645E-08,0.99999994,-9.536743E-07,-0.0, 0.031299055,9.536743E-07,0.99951005,0.0, 0.99951,-2.9802322E-08,-0.031299114,-0.0;
	  2.3841858E-07,1.0000002,-1.0430813E-06,-0.0, 0.031279683,1.3113022E-06,0.99951094,0.0, 0.9995109,0.0,-0.031279445,-0.0;
	  0.0,0.9999999,-9.23872E-07,-0.0, 0.031263113,8.34465E-07,0.9995111,0.0, 0.9995111,-8.940697E-08,-0.031263232,-0.0;
	  -2.9802322E-07,0.99999964,-9.23872E-07,-0.0, 0.03125441,4.7683716E-07,0.9995111,0.0, 0.9995111,-8.940697E-08,-0.03125477,-0.0;
	  4.7683716E-07,1.0000004,-9.23872E-07,-0.0, 0.031246632,1.3113022E-06,0.9995121,0.0, 0.9995121,-8.940697E-08,-0.031246185,-0.0;
	  1.1920929E-07,1.0000002,-1.0430813E-06,-0.0, 0.031242788,1.1920929E-06,0.99951196,0.0, 0.99951196,2.9802322E-08,-0.031242609,-0.0;
	  1.1920929E-07,1.0000001,-9.834766E-07,-0.0, 0.031239748,1.0728836E-06,0.9995121,0.0, 0.9995121,-2.9802322E-08,-0.031239629,-0.0;
	  2.3841858E-07,1.0000001,-9.23872E-07,-0.0, 0.031238884,1.0728836E-06,0.9995121,0.0, 0.9995121,-8.940697E-08,-0.031238675,-0.0;
	  1.1920929E-07,1.0000001,-1.0430813E-06,-0.0, 0.03124082,1.1920929E-06,0.999512,0.0, 0.9995121,0.0,-0.031240702,-0.0;
	  3.5762787E-07,1.0000004,-9.834766E-07,-0.0, 0.031245619,1.3113022E-06,0.9995121,0.0, 0.9995121,-5.9604645E-08,-0.031245291,-0.0;
	  -2.3841858E-07,0.99999964,-9.23872E-07,-0.0, 0.031255364,5.9604645E-07,0.9995111,0.0, 0.9995111,-8.940697E-08,-0.031255722,-0.0;
	  -2.3841858E-07,0.99999964,-9.23872E-07,-0.0, 0.031255364,5.9604645E-07,0.9995111,0.0, 0.9995111,-8.940697E-08,-0.031255722,-0.0;
	  2.3841858E-07,1.0000002,-1.0430813E-06,-0.0, 0.031279683,1.3113022E-06,0.99951094,0.0, 0.9995109,0.0,-0.031279445,-0.0;
	  -5.9604645E-08,0.99999994,-9.536743E-07,-0.0, 0.031297147,9.536743E-07,0.99951005,0.0, 0.99951005,0.0,-0.031297207,-0.0;
	  -5.364418E-07,0.9999995,-1.0430813E-06,-0.0, 0.03131941,5.9604645E-07,0.999509,0.0, 0.999509,2.9802322E-08,-0.031319916,-0.0;
	  3.5762787E-07,1.0000004,-9.834766E-07,-0.0, 0.03134373,1.3113022E-06,0.999509,0.0, 0.999509,-5.9604645E-08,-0.03134334,-0.0;
	  2.3841858E-07,1.0000002,-9.536743E-07,-0.0, 0.031372726,1.3113022E-06,0.9995081,0.0, 0.9995081,0.0,-0.031372428,-0.0;
	  3.5762787E-07,1.0000004,-9.834766E-07,-0.0, 0.03140664,1.3113022E-06,0.99950707,0.0, 0.99950707,-2.9802322E-08,-0.031406283,-0.0;
	  -4.7683716E-07,1.0,-4.7683716E-07,-0.0, 0.031444013,4.7683716E-07,0.9995055,0.0, 0.9995055,4.7683716E-07,-0.031443954,-0.0;
	  -4.7683716E-07,1.0,-4.7683716E-07,-0.0, 0.031444013,4.7683716E-07,0.9995055,0.0, 0.9995055,4.7683716E-07,-0.031443954,-0.0;
	  -2.9802322E-07,0.99999976,-1.0430813E-06,-0.0, 0.03158024,7.1525574E-07,0.999501,0.0, 0.999501,2.9802322E-08,-0.03158045,-0.0;
	  2.3841858E-07,1.0000002,-9.536743E-07,-0.0, 0.031720728,1.1920929E-06,0.99949706,0.0, 0.99949706,0.0,-0.03172052,-0.0;
	  0.0,1.0000001,-1.0430813E-06,-0.0, 0.031844825,1.1920929E-06,0.999493,0.0, 0.999493,2.9802322E-08,-0.031844616,-0.0;
	  4.7683716E-07,1.0000005,-9.536743E-07,-0.0, 0.03188458,1.4305115E-06,0.999492,0.0, 0.999492,0.0,-0.031884074,-0.0;
	  -1.1920929E-07,0.9999999,-1.0430813E-06,-0.0, 0.031774998,9.536743E-07,0.99949497,0.0, 0.9994949,0.0,-0.031775117,-0.0;
	  4.7683716E-07,1.0000005,-8.940697E-07,-0.0, 0.03178662,1.3113022E-06,0.99949515,0.0, 0.9994951,-8.940697E-08,-0.031786203,-0.0;
	  1.1920929E-07,1.0000001,-1.0430813E-06,-0.0, 0.031968802,1.1920929E-06,0.999489,0.0, 0.99948907,0.0,-0.031968594,-0.0;
	  1.1920929E-07,1.0000001,-1.0430813E-06,-0.0, 0.031968802,1.1920929E-06,0.999489,0.0, 0.99948907,0.0,-0.031968594,-0.0;
	  -4.7683716E-07,1.0,-4.7683716E-07,-0.0, 0.031190008,4.7683716E-07,0.9995135,0.0, 0.9995135,4.7683716E-07,-0.031189978,-0.0;
	  -4.7683716E-07,1.0,-4.7683716E-07,-0.0, 0.031190008,4.7683716E-07,0.9995135,0.0, 0.9995135,4.7683716E-07,-0.031189978,-0.0;
	  -2.3841858E-07,0.99999976,-9.834766E-07,-0.0, 0.025717169,7.1525574E-07,0.999669,0.0, 0.9996691,-5.9604645E-08,-0.025717378,-0.0;
	  -2.3841858E-07,0.99999976,-9.834766E-07,-0.0, 0.025717169,7.1525574E-07,0.999669,0.0, 0.9996691,-5.9604645E-08,-0.025717378,-0.0;
	  -1.1920929E-07,0.9999999,-9.834766E-07,-0.0, 0.014753133,8.34465E-07,0.99989104,0.0, 0.99989104,-2.9802322E-08,-0.014753282,-0.0;
	  -1.1920929E-07,0.9999999,-9.834766E-07,-0.0, 0.014753133,8.34465E-07,0.99989104,0.0, 0.99989104,-2.9802322E-08,-0.014753282,-0.0;
	  -1.7881393E-07,0.99999976,-8.940697E-07,-0.0, 0.007168293,7.1525574E-07,0.99997413,0.0, 0.9999741,-8.940697E-08,-0.0071685314,-0.0;
	  3.5762787E-07,1.0000004,-9.834766E-07,-0.0, 0.0073896945,1.3113022E-06,0.99997306,0.0, 0.99997306,-2.9802322E-08,-0.0073893666,-0.0;
	  -2.3841858E-07,0.99999964,-9.23872E-07,-0.0, 0.009750366,5.9604645E-07,0.9999521,0.0, 0.9999521,-8.940697E-08,-0.009750724,-0.0;
	  -1.1920929E-07,0.99999994,-1.0430813E-06,-0.0, 0.012956083,9.536743E-07,0.99991596,0.0, 0.99991596,2.9802322E-08,-0.012956142,-0.0;
	  -4.7683716E-07,0.9999996,-1.0430813E-06,-0.0, 0.015724242,7.1525574E-07,0.999876,0.0, 0.999876,2.9802322E-08,-0.015724659,-0.0;
	  -3.5762787E-07,0.99999964,-9.536743E-07,-0.0, 0.016771317,5.9604645E-07,0.999859,0.0, 0.999859,0.0,-0.016771674,-0.0;
	  3.5762787E-07,1.0000004,-1.0430813E-06,-0.0, 0.015449643,1.4305115E-06,0.999881,0.0, 0.999881,2.9802322E-08,-0.0154492855,-0.0;
	  3.5762787E-07,1.0000004,-1.0430813E-06,-0.0, 0.015449643,1.4305115E-06,0.999881,0.0, 0.999881,2.9802322E-08,-0.0154492855,-0.0;
	  3.5762787E-07,1.0000004,-1.0430813E-06,-0.0, 0.015449643,1.4305115E-06,0.999881,0.0, 0.999881,2.9802322E-08,-0.0154492855,-0.0;
	  3.5762787E-07,1.0000004,-1.0430813E-06,-0.0, 0.015449643,1.4305115E-06,0.999881,0.0, 0.999881,2.9802322E-08,-0.0154492855,-0.0;
	  -3.5762787E-07,0.99999964,-1.0430813E-06,-0.0, 0.0011833608,7.1525574E-07,0.9999989,0.0, 0.9999989,2.9802322E-08,-0.0011836886,-0.0;
	  -3.5762787E-07,0.99999964,-1.0430813E-06,-0.0, 0.0011833608,7.1525574E-07,0.9999989,0.0, 0.9999989,2.9802322E-08,-0.0011836886,-0.0;
	  -3.5762787E-07,0.99999964,-1.0430813E-06,-0.0, 0.0011833608,7.1525574E-07,0.9999989,0.0, 0.9999989,2.9802322E-08,-0.0011836886,-0.0;
	  1.1920929E-07,1.0000002,-9.23872E-07,-0.0, -0.011233836,1.1920929E-06,0.9999372,0.0, 0.9999372,8.940697E-08,0.011234045,-0.0;
	  -1.1920929E-07,0.9999998,-1.0430813E-06,-0.0, -0.014342129,8.34465E-07,0.999897,0.0, 0.999897,-2.9802322E-08,0.01434195,-0.0;
	  -2.3841858E-07,0.9999997,-1.0430813E-06,-0.0, -0.016593277,7.1525574E-07,0.99986196,0.0, 0.99986196,-2.9802322E-08,0.01659298,-0.0;
	  -3.5762787E-07,0.9999996,-1.1026859E-06,-0.0, -0.018258393,7.1525574E-07,0.99983287,0.0, 0.99983287,-5.9604645E-08,0.018257976,-0.0;
	  1.1920929E-07,1.0000001,-9.834766E-07,-0.0, -0.019448847,1.1920929E-06,0.999811,0.0, 0.99981093,5.9604645E-08,0.019448996,-0.0;
	  -2.3841858E-07,0.99999976,-9.536743E-07,-0.0, -0.020282298,7.1525574E-07,0.999794,0.0, 0.999794,2.9802322E-08,0.02028203,-0.0;
	  -2.3841858E-07,0.99999976,-9.536743E-07,-0.0, -0.020282298,7.1525574E-07,0.999794,0.0, 0.999794,2.9802322E-08,0.02028203,-0.0;
	  2.3841858E-07,1.0000002,-8.940697E-07,-0.0, -0.0210827,1.1920929E-06,0.99977803,0.0, 0.9997781,8.940697E-08,0.021083117,-0.0;
	  2.3841858E-07,1.0000002,-8.940697E-07,-0.0, -0.0210827,1.1920929E-06,0.99977803,0.0, 0.9997781,8.940697E-08,0.021083117,-0.0;
	  2.3841858E-07,1.0000002,-1.0430813E-06,-0.0, -0.020357758,1.3113022E-06,0.999793,0.0, 0.99979305,0.0,0.020358086,-0.0;
	  1.1920929E-07,1.0000002,-9.23872E-07,-0.0, -0.019800842,1.0728836E-06,0.99980414,0.0, 0.99980414,1.1920929E-07,0.01980102,-0.0;
	  -3.5762787E-07,0.9999997,-9.23872E-07,0.0, -0.01937133,5.9604645E-07,0.9998121,-0.0, 0.9998121,8.940697E-08,0.019371033,-0.0;
	}
	NAME "Bip01 Spine"
	DEFAULT_POSE {1,0,0,0, 0,1,0,0, 0,0,1,0;}
	{
	  0.99932384,-0.027781896,0.02407579,0.169602, 0.029870108,0.9953821,-0.09122476,0.0244, -0.021430215,0.091882244,0.99553907,0.003274;
	  0.99932384,-0.027781896,0.02407579,0.169602, 0.029870108,0.9953821,-0.09122476,0.0244, -0.021430215,0.091882244,0.99553907,0.003274;
	  0.99932384,-0.027781896,0.02407579,0.169602, 0.029870108,0.9953821,-0.09122476,0.0244, -0.021430215,0.091882244,0.99553907,0.003274;
	  0.99932384,-0.027781896,0.02407579,0.169602, 0.029870108,0.9953821,-0.09122476,0.0244, -0.021430215,0.091882244,0.99553907,0.003274;
	  0.9993079,-0.02877272,0.023580188,0.169576, 0.030362278,0.997079,-0.070083775,0.0244, -0.021494808,0.07075121,0.9972625,0.004444;
	  0.9993079,-0.02877272,0.023580188,0.169576, 0.030362278,0.997079,-0.070083775,0.0244, -0.021494808,0.07075121,0.9972625,0.004444;
	  0.9992615,-0.030641653,0.023167962,0.169501, 0.031781342,0.9982159,-0.050538994,0.0244, -0.021578038,0.051238,0.9984529,0.006731;
	  0.9992615,-0.030641653,0.023167962,0.169501, 0.031781342,0.9982159,-0.050538994,0.0244, -0.021578038,0.051238,0.9984529,0.006731;
	  0.9992615,-0.030641653,0.023167962,0.16927, 0.031781342,0.9982159,-0.050538994,0.0244, -0.021578038,0.051238,0.9984529,0.011128;
	  0.9992615,-0.030641653,0.023167962,0.16927, 0.031781342,0.9982159,-0.050538994,0.0244, -0.021578038,0.051238,0.9984529,0.011128;
	  0.999138,-0.0353178,0.021802938,0.169135, 0.035222188,0.99936795,0.0047540213,0.0244, -0.021957064,-0.0039819772,0.99975073,0.01302;
	  0.999138,-0.0353178,0.021802938,0.169321, 0.035222188,0.99936795,0.0047540213,0.0244, -0.021957064,-0.0039819772,0.99975073,0.01032;
	  0.999138,-0.0353178,0.021802938,0.169553, 0.035222188,0.99936795,0.0047540213,0.0244, -0.021957064,-0.0039819772,0.99975073,0.005279;
	  0.99910796,-0.036666594,0.020951694,0.169633, 0.03612741,0.99902034,0.025558367,0.0244, -0.021868305,-0.024778638,0.9994538,0.000891;
	  0.99910796,-0.036666594,0.020951694,0.169625, 0.03612741,0.99902034,0.025558367,0.0244, -0.021868305,-0.024778638,0.9994538,-0.001856;
	  0.99910796,-0.036666594,0.020951694,0.169625, 0.03612741,0.99902034,0.025558367,0.0244, -0.021868305,-0.024778638,0.9994538,-0.001856;
