SE_ANIM 0.1;

SEC_PER_FRAME 0.033333;
FRAMES 111;
ANIM_ID "besurel_attack02";

BONEENVELOPES 80
{
	NAME "Bip01"
	DEFAULT_POSE {1,0,0,0, 0,1,0,0, 0,0,1,0;}
	{
	  -0.44455272,0.8949857,0.037070483,0.0, 0.0817754,-0.00066173077,0.9966512,2.45, 0.8920126,0.4460958,-0.072892666,-0.0;
	  -0.44723856,0.894,0.027235985,0.0, 0.06677008,0.003005743,0.99776393,2.45, 0.891919,0.44805712,-0.061036587,-0.0;
	  -0.45217752,0.8917811,0.016196936,0.0, 0.04933086,0.006873727,0.99875927,2.45, 0.8905629,0.45241573,-0.04709983,-0.0;
	  -0.45215654,0.8919072,0.007463455,0.0, 0.0366908,0.010238409,0.99927396,2.344297, 0.89118344,0.452102,-0.03735459,-0.121608;
	  -0.44012076,0.8979265,0.0046578646,0.0, 0.03614348,0.012532234,0.99926805,2.31354, 0.8972109,0.43996695,-0.037969887,-0.165427;
	  -0.4065076,0.91358167,0.010995358,0.0, 0.055831373,0.012827754,0.9983585,2.31354, 0.91194034,0.4064546,-0.056220174,-0.165427;
	  -0.3565123,0.93402004,0.02248168,0.0, 0.089667946,0.010254264,0.99591875,2.256274, 0.92997766,0.35707316,-0.08740759,-0.259693;
	  -0.30626178,0.9513781,0.03291914,0.0, 0.12363091,0.0054631233,0.9923134,2.234722, 0.9438852,0.30797765,-0.119292736,-0.310702;
	  -0.27367568,0.9610557,0.038375735,0.0, 0.14414018,0.0015318394,0.9895555,2.224831, 0.95095974,0.27634832,-0.13894677,-0.365874;
	  -0.2672161,0.9628694,0.03844297,0.0, 0.14602664,0.0010278225,0.98928,2.229437, 0.95250803,0.26996508,-0.14087951,-0.423844;
	  -0.27674067,0.96027684,0.035824656,0.0, 0.13719526,0.0025846958,0.99054086,2.245281, 0.95110065,0.27903804,-0.1324603,-0.484539;
	  -0.29283893,0.9556152,0.032323033,0.0, 0.12404674,0.004450083,0.9922663,2.268429, 0.948081,0.29458368,-0.11984426,-0.551089;
	  -0.30622888,0.95148635,0.029967189,0.0, 0.11306262,0.0050959587,0.99357516,2.294947, 0.9452202,0.3076498,-0.109137654,-0.626622;
	  -0.31625623,0.9481989,0.030009449,0.0, 0.10505903,0.0035669804,0.9944594,2.331328, 0.94283843,0.3176566,-0.1007452,-0.725646;
	  -0.32708246,0.944486,0.031037897,0.0, 0.09714994,0.0009371042,0.9952694,2.376033, 0.93998885,0.32855058,-0.09206307,-0.838788;
	  -0.3368439,0.94103575,0.03143224,0.0, 0.09030226,-0.00094151497,0.995914,2.41308, 0.9372202,0.33830595,-0.08466053,-0.933351;
	  -0.34604144,0.93771935,0.030626327,0.0, 0.084356695,-0.0014141798,0.99643475,2.438175, 0.9344193,0.3473913,-0.0786134,-1.001649;
	  -0.3551668,0.9343418,0.02935478,0.0, 0.07886922,-0.001339674,0.99688387,2.458418, 0.9314698,0.3563752,-0.073215246,-1.058603;
	  -0.3625939,0.9315276,0.027979732,0.0, 0.07420638,-0.0010682344,0.99724305,2.475444, 0.92898864,0.36367097,-0.06873703,-1.106896;
	  -0.36639678,0.9300686,0.026936144,0.0, 0.070955426,-0.00093609095,0.99747884,2.49011, 0.92774916,0.3673841,-0.06565076,-1.147016;
	  -0.366315,0.930125,0.026089042,0.0, 0.06849894,-0.0010059476,0.9976506,2.502202, 0.9279661,0.3672414,-0.06334424,-1.17851;
	  -0.36326182,0.9313426,0.025347203,0.0, 0.06686047,-0.0010761023,0.9977622,2.51103, 0.9292853,0.36414388,-0.061878443,-1.200303;
	  -0.35727572,0.93366206,0.025093555,0.0, 0.06724295,-0.0010839701,0.99773645,2.518448, 0.93157554,0.35815465,-0.06239438,-1.216493;
	  -0.34860837,0.936916,0.02570203,0.0, 0.07086095,-0.0009975433,0.99748576,2.525875, 0.93458605,0.34955323,-0.0660429,-1.230171;
	  -0.33448815,0.9419949,0.027625293,0.0, 0.07992816,-0.00085133314,0.9968002,2.533856, 0.9390043,0.3356259,-0.07500726,-1.241599;
	  -0.31590903,0.9483049,0.030312538,0.0, 0.0929881,-0.0008496046,0.99566656,2.541362, 0.9442215,0.31735855,-0.087913156,-1.248956;
	  -0.29750282,0.9541539,0.032909155,0.0, 0.10651219,-0.0010836124,0.9943112,2.548427, 0.94876117,0.29931584,-0.10130608,-1.253829;
	  -0.28490233,0.95792764,0.034707636,0.0, 0.116392195,-0.0013693571,0.993202,2.548427, 0.9514636,0.28700495,-0.1111058,-1.253829;
	  -0.2783001,0.95981795,0.03603697,0.0, 0.123202026,-0.0015369654,0.9923805,2.560579, 0.9525599,0.2806195,-0.11782372,-1.26055;
	  -0.27430868,0.9609154,0.037375808,0.0, 0.12937266,-0.0016371608,0.99159515,2.560579, 0.9528998,0.2768388,-0.1238665,-1.26055;
	  -0.27207112,0.9615031,0.038592458,0.0, 0.1346249,-0.00167799,0.9908954,2.571403, 0.95281357,0.2747896,-0.12898546,-1.26411;
	  -0.27207112,0.9615031,0.038592458,0.0, 0.1346249,-0.00167799,0.9908954,2.571403, 0.95281357,0.2747896,-0.12898546,-1.26411;
	  -0.26998413,0.9620379,0.039897174,0.0, 0.14036205,-0.0016699433,0.99009895,2.571403, 0.95257926,0.2729111,-0.1345827,-1.26411;
	  -0.26998413,0.9620379,0.039897174,0.0, 0.14036205,-0.0016699433,0.99009895,2.571403, 0.95257926,0.2729111,-0.1345827,-1.26411;
	  -0.2668152,0.962967,0.038785815,0.0, 0.13779002,-0.001714766,0.99046,2.571403, 0.95384675,0.26961404,-0.13222969,-1.26411;
	  -0.2668152,0.962967,0.038785815,0.0, 0.13779002,-0.001714766,0.99046,2.571403, 0.95384675,0.26961404,-0.13222969,-1.26411;
	  -0.2668152,0.962967,0.038785815,0.0, 0.13779002,-0.001714766,0.99046,2.597213, 0.95384675,0.26961404,-0.13222969,-1.266312;
	  -0.2668152,0.962967,0.038785815,0.0, 0.13779002,-0.001714766,0.99046,2.597213, 0.95384675,0.26961404,-0.13222969,-1.266312;
	  -0.26092798,0.9647982,0.032872766,0.0, 0.118980795,-0.0016522408,0.9928949,2.597213, 0.9579978,0.26298508,-0.11436176,-1.266312;
	  -0.26092798,0.9647982,0.032872766,0.0, 0.118980795,-0.0016522408,0.9928949,2.597213, 0.9579978,0.26298508,-0.11436176,-1.266312;
	  -0.26092798,0.9647982,0.032872766,0.0, 0.118980795,-0.0016522408,0.9928949,2.611043, 0.9579978,0.26298508,-0.11436176,-1.264553;
	  -0.26092798,0.9647982,0.032872766,0.0, 0.118980795,-0.0016522408,0.9928949,2.611043, 0.9579978,0.26298508,-0.11436176,-1.264553;
	  -0.2564367,0.9662356,0.025059223,0.0, 0.09197742,-0.0014151335,0.99575937,2.617043, 0.96217424,0.2576536,-0.08850992,-1.262097;
	  -0.2563429,0.9662892,0.023942083,0.0, 0.08724779,-0.0015374422,0.9961853,2.617043, 0.96264005,0.2574537,-0.08391273,-1.262097;
	  -0.2575611,0.9659666,0.02391085,0.0, 0.08530232,-0.0019177198,0.99635386,2.617043, 0.96248984,0.25866207,-0.08190441,-1.262097;
	  -0.2575611,0.9659666,0.02391085,0.0, 0.08530232,-0.0019177198,0.99635386,2.617043, 0.96248984,0.25866207,-0.08190441,-1.262097;
	  -0.26040024,0.9652159,0.023441195,0.0, 0.07975003,-0.002693534,0.9968109,2.625656, 0.96220124,0.26143906,-0.07627499,-1.251072;
	  -0.2602719,0.9653036,0.021161765,0.0, 0.07100946,-0.0027207136,0.99747217,2.625656, 0.9629208,0.26111686,-0.0678373,-1.251072;
	  -0.25787842,0.9660387,0.016349643,0.0, 0.054994345,-0.002218783,0.9984838,2.625656, 0.9646107,0.25838622,-0.052555025,-1.251072;
	  -0.2522325,0.9676312,0.008258969,0.0, 0.02932772,-0.0008869171,0.99956924,2.631002, 0.967222,0.2523659,-0.028155029,-1.240901;
	  -0.24002707,0.97074056,-0.0070400834,0.0, -0.01740238,0.0029480457,0.9998441,2.604986, 0.9706101,0.24011198,0.016185403,-1.157308;
	  -0.21999854,0.9750681,-0.029031575,0.0, -0.08609483,0.01023674,0.9962344,2.532836, 0.9716936,0.22166958,0.08169627,-0.92526;
	  -0.19518816,0.97940934,-0.051571816,0.0, -0.1619136,0.019683361,0.9866091,2.434827, 0.96730876,0.2009249,0.15473819,-0.60977;
	  -0.16973335,0.9830153,-0.06979424,0.0, -0.23115459,0.029133558,0.9724806,2.332514, 0.9579968,0.18119556,0.22228336,-0.281203;
	  -0.14850175,0.98564476,-0.080320954,0.0, -0.28197926,0.035645604,0.958758,2.228704, 0.947858,0.16502598,0.27263784,0.050102;
	  -0.1378218,0.98730826,-0.07891691,0.0, -0.2676758,0.03958392,0.9626957,2.228704, 0.9536011,0.15380475,0.25882316,0.050102;
	  -0.1340903,0.98863006,-0.068041265,0.0, -0.227422,0.036128044,0.9731254,2.041187, 0.9645197,0.14596039,0.21999145,0.580796;
	  -0.12937391,0.9901364,-0.05378014,0.0, -0.27887556,0.01571536,0.96019864,1.978003, 0.95157284,0.13922262,0.27409172,0.833184;
	  -0.12594801,0.99167675,-0.026726753,0.0, -0.6100343,-0.056175888,0.7903812,1.996185, 0.7823013,0.11585119,0.61203206,1.096718;
	  -0.13042486,0.99143505,-0.00683406,0.0, -0.83810174,-0.106565654,0.53500473,2.040441, 0.52969396,0.07550578,0.8448225,1.274974;
	  -0.12722474,0.99184984,-0.0068752617,0.0, -0.86600906,-0.10769844,0.4882917,2.05235, 0.48357177,0.0680767,0.87265277,1.340529;
	  -0.12296581,0.9923619,-0.009816408,0.0, -0.8801671,-0.104483426,0.46302056,2.062559, 0.45845857,0.065575585,0.886292,1.395645;
	  -0.1177544,0.9929335,-0.014721066,0.0, -0.88446736,-0.09812808,0.4561669,2.071485, 0.45149893,0.06673589,0.8897722,1.441486;
	  -0.1118983,0.99350506,-0.0206327,0.0, -0.8810908,-0.08959305,0.4643828,2.079349, 0.4595183,0.070142776,0.8853934,1.478147;
	  -0.10564625,0.99404705,-0.026629403,0.0, -0.87151587,-0.079661846,0.4838532,2.086483, 0.47885156,0.074325174,0.8747437,1.506249;
	  -0.09929085,0.99455506,-0.03163831,0.0, -0.857227,-0.06934911,0.5102469,2.093089, 0.5052747,0.07778391,0.8594451,1.525918;
	  -0.09288609,0.9950741,-0.034646064,0.0, -0.8397487,-0.05959618,0.5396954,2.099503, 0.53497195,0.07922435,0.8411479,1.537828;
	  -0.08639604,0.9956619,-0.034549534,0.0, -0.82108,-0.051520646,0.5684838,2.106016, 0.56423753,0.07748285,0.8219694,1.542451;
	  -0.07900506,0.9964208,-0.03005439,0.0, -0.7972341,-0.045054555,0.60198617,2.11166, 0.5984776,0.07152021,0.79794,1.530071;
	  -0.069986284,0.9973089,-0.02183035,0.0, -0.76206607,-0.03933102,0.6463034,2.115889, 0.6437056,0.06186849,0.7627679,1.495501;
	  -0.05967158,0.99814814,-0.011847794,0.0, -0.7156158,-0.03450018,0.6976421,2.119429, 0.6959411,0.050108135,0.71634936,1.446527;
	  -0.04855156,0.99881893,-0.0019954443,0.0, -0.65815514,-0.030489266,0.75226504,2.119429, 0.75131553,0.037837088,0.6588583,1.446527;
	  -0.037342846,0.99928415,0.0060228407,0.0, -0.5900959,-0.026914954,0.80688417,2.127551, 0.80646884,0.026577175,0.59067845,1.336232;
	  -0.027315736,0.9995711,0.010572404,0.0, -0.513873,-0.023113132,0.8575549,2.133651, 0.8574314,0.01799199,0.5142839,1.2909;
	  -0.017776847,0.99976814,0.012182236,0.0, -0.4237648,-0.018569231,0.9055823,2.140107, 0.9055982,0.01093635,0.42399693,1.255316;
	  -0.0077050924,0.9998981,0.0120188,0.0, -0.31581393,-0.013837278,0.9487202,2.145681, 0.94878983,0.0035142899,0.3158884,1.223697;
	  0.0020290613,0.9999484,0.010026753,0.0, -0.19634366,-0.009432614,0.9804905,2.151154, 0.9805338,-0.0039574504,0.19631505,1.194263;
	  0.010758638,0.9999212,0.0064029694,0.0, -0.070899755,-0.0056248307,0.99746716,2.151154, 0.99742496,-0.011185914,0.070833206,1.194263;
	  0.017744064,0.99984103,0.0016584098,0.0, 0.051898897,-0.0025776625,0.9986489,2.16523, 0.9984945,-0.017634183,-0.051936507,1.133216;
	  0.022526741,0.9997394,-0.0035280287,0.0, 0.16490862,-0.00023585558,0.9863083,2.175505, 0.98605096,-0.022800744,-0.16487157,1.097631;
	  0.02479148,0.99965835,-0.008277267,0.0, 0.25979567,0.0015528202,0.96566236,2.188931, 0.96534526,-0.026090682,-0.25966847,1.05641;
	  0.024514914,0.99962914,-0.011828572,0.0, 0.33168688,0.0030282736,0.9433843,2.206379, 0.94307053,-0.027050734,-0.3314901,1.007384;
	  0.015090585,0.9998121,-0.0121966,0.0, 0.34966508,0.0061514378,0.93685496,2.235768, 0.9367536,-0.0184021,-0.34950608,0.940895;
	  -0.0036953092,0.99994564,-0.0097388625,0.0, 0.31093428,0.010404944,0.95037436,2.278397, 0.95042413,0.0004836619,-0.310956,0.854301;
	  -0.022914171,0.9997129,-0.0069957376,0.0, 0.25056213,0.012516975,0.96801955,2.326172, 0.9678292,0.020428479,-0.25077713,0.75414;
	  -0.033073187,0.9994428,-0.004493296,0.0, 0.2062242,0.011223197,0.9784404,2.370184, 0.9779457,0.031433582,-0.2064805,0.648572;
	  -0.024327517,0.9997039,-0.0005263388,0.0, 0.18536416,0.0050281286,0.98265696,2.4133, 0.9823687,0.023807973,-0.1854316,0.527152;
	  -0.0038862228,0.9999789,0.0052499473,0.0, 0.16866517,-0.0045189857,0.9856633,2.458789, 0.98566604,0.004716277,-0.16864371,0.388853;
	  0.011513233,0.9998735,0.011028856,0.0, 0.15654567,-0.0126953125,0.98758966,2.497119, 0.98760414,-0.009643316,-0.1566714,0.259382;
	  0.005637765,0.9998759,0.014707297,0.0, 0.14944616,-0.0153849125,0.9886501,2.519658, 0.9887537,-0.0033759475,-0.14951444,0.161771;
	  -0.02371931,0.9995992,0.0154672265,0.0, 0.14798573,-0.011790156,0.98891944,2.525643, 0.9887052,0.02574557,-0.14764655,0.093935;
	  -0.06444025,0.9978132,0.014702082,0.0, 0.15071973,-0.0048321486,0.9885647,2.522569, 0.98647404,0.06591928,-0.15007877,0.037736;
	  -0.11226642,0.99358714,0.013463229,0.0, 0.15522602,0.00415349,0.9878704,2.513781, 0.98147917,0.11299461,-0.1546967,-0.008222;
	  -0.16214985,0.98668504,0.012641996,0.0, 0.15919492,0.013513684,0.9871546,2.502678, 0.97384,0.16207945,-0.15926659,-0.044244;
	  -0.20959389,0.9777039,0.012876183,0.0, 0.16057709,0.02142787,0.9867909,2.49261, 0.9645132,0.20889309,-0.1614877,-0.071163;
	  -0.24939674,0.9682919,0.014559537,0.0, 0.15754914,0.025735378,0.98717564,2.487123, 0.95549953,0.24849218,-0.15897197,-0.089339;
	  -0.2842037,0.9585999,0.017736077,0.0, 0.14962304,0.026072621,0.9883994,2.486178, 0.9470171,0.28356054,-0.15083838,-0.096721;
	  -0.31852335,0.9476651,0.021757334,0.0, 0.13838997,0.023782969,0.99009186,2.487039, 0.9377583,0.31837815,-0.13872325,-0.092836;
	  -0.35102022,0.9360082,0.0259566,0.0, 0.12539676,0.019519448,0.99191487,2.488949, 0.9279336,0.35143718,-0.12422371,-0.081136;
	  -0.38101876,0.9240838,0.029891074,0.0, 0.11187926,0.013989329,0.9936231,2.488949, 0.91777307,0.38193303,-0.10871649,-0.081136;
	  -0.40725923,0.91270936,0.03318867,0.0, 0.099259645,0.008108377,0.99502844,2.493011, 0.9079027,0.40852875,-0.09389764,-0.047279;
	  -0.42873597,0.90272725,0.035627067,0.0, 0.08882269,0.0028754473,0.9960437,2.493666, 0.89905304,0.43020442,-0.08141494,-0.03189;
	  -0.44455272,0.8949857,0.037070483,0.0, 0.0817754,-0.00066173077,0.9966512,2.492395, 0.8920126,0.4460958,-0.072892666,-0.02197;
	  -0.45410353,0.89014983,0.03772834,0.0, 0.07805514,-0.0024353862,0.9969462,2.492395, 0.8875233,0.45566177,-0.068374634,-0.02197;
	  -0.45857024,0.8878443,0.038020194,0.0, 0.0763146,-0.0032817125,0.99707824,2.484974, 0.8853752,0.46013182,-0.0662508,-0.012866;
	  -0.45915258,0.8875416,0.0380567,0.0, 0.076087415,-0.0033923388,0.99709487,2.484974, 0.88509274,0.46071407,-0.06597388,-0.012866;
	  -0.4570368,0.8886391,0.03792122,0.0, 0.0769119,-0.002990067,0.9970335,2.484974, 0.88611627,0.45859757,-0.06698024,-0.012866;
	  -0.4570368,0.8886391,0.03792122,0.0, 0.0769119,-0.002990067,0.9970335,2.484974, 0.88611627,0.45859757,-0.06698024,-0.012866;
	  -0.4570368,0.8886391,0.03792122,0.0, 0.0769119,-0.002990067,0.9970335,2.484974, 0.88611627,0.45859757,-0.06698024,-0.012866;
	  -0.4459203,0.8943008,0.037167102,0.0, 0.08124316,-0.0009124875,0.99669415,2.484974, 0.89137805,0.44746584,-0.07224858,-0.012866;
	  -0.44455272,0.8949857,0.037070483,0.0, 0.0817754,-0.00066173077,0.9966512,2.45, 0.8920126,0.4460958,-0.072892666,-0.0;
	}
	NAME "Bip01 Pelvis"
	DEFAULT_POSE {1,0,0,0, 0,1,0,0, 0,0,1,0;}
	{
	  -3.5762787E-07,0.99999964,-9.834766E-07,-0.0, -0.019370317,5.9604645E-07,0.999812,0.0, 0.999812,2.9802322E-08,0.01936996,-0.0;
	  2.3841858E-07,1.0000002,-1.0430813E-06,-0.0, -0.014780819,1.1920929E-06,0.9998909,0.0, 0.9998909,0.0,0.014780998,-0.0;
	  2.3841858E-07,1.0000002,-1.0430813E-06,-0.0, -0.009924769,1.3113022E-06,0.999951,0.0, 0.999951,-2.9802322E-08,0.009925008,-0.0;
	  -2.3841858E-07,0.99999976,-1.0430813E-06,-0.0, -0.005603224,7.1525574E-07,0.999984,0.0, 0.999984,-2.9802322E-08,0.005602956,-0.0;
	  4.7683716E-07,1.0000005,-9.23872E-07,-0.0, -0.0026155114,1.4305115E-06,0.99999714,0.0, 0.99999714,8.940697E-08,0.0026160479,-0.0;
	  3.5762787E-07,1.0000004,-9.536743E-07,-0.0, -0.0008216202,1.3113022E-06,1.0,0.0, 1.0,0.0,0.00082194805,-0.0;
	  1.1920929E-07,1.0,-8.940697E-07,-0.0, 8.8989735E-05,9.536743E-07,1.0,0.0, 1.0,-5.9604645E-08,-8.893013E-05,-0.0;
	  1.1920929E-07,1.0000001,-9.536743E-07,-0.0, -0.00043693185,1.0728836E-06,1.0,0.0, 1.0,0.0,0.00043702126,-0.0;
	  3.5762787E-07,1.0000002,-1.0430813E-06,-0.0, -0.0029526353,1.3113022E-06,0.99999595,0.0, 0.99999595,-2.9802322E-08,0.0029529333,-0.0;
	  3.5762787E-07,1.0000002,-1.0430813E-06,-0.0, -0.0029526353,1.3113022E-06,0.99999595,0.0, 0.99999595,-2.9802322E-08,0.0029529333,-0.0;
	  3.5762787E-07,1.0000005,-9.834766E-07,-0.0, -0.014307559,1.4305115E-06,0.9998981,0.0, 0.9998981,2.9802322E-08,0.014307976,-0.0;
	  -4.172325E-07,0.9999995,-1.0430813E-06,-0.0, -0.02256143,5.9604645E-07,0.999745,0.0, 0.999745,-2.9802322E-08,0.022560835,-0.0;
	  -2.3841858E-07,0.99999976,-9.536743E-07,-0.0, -0.03217426,7.1525574E-07,0.99948204,0.0, 0.999482,2.9802322E-08,0.03217399,-0.0;
	  4.7683716E-07,1.0000005,-9.536743E-07,-0.0, -0.045846403,1.4305115E-06,0.99894905,0.0, 0.99894905,2.9802322E-08,0.04584694,-0.0;
	  3.5762787E-07,1.0000002,-1.0430813E-06,-0.0, -0.06208673,1.3113022E-06,0.998071,0.0, 0.99807096,0.0,0.06208706,-0.0;
	  2.3841858E-07,1.0000002,-9.536743E-07,-0.0, -0.07435566,1.1920929E-06,0.9972321,0.0, 0.9972321,2.9802322E-08,0.07435584,-0.0;
	  2.3841858E-07,1.0000002,-9.536743E-07,-0.0, -0.0808557,1.1920929E-06,0.99672604,0.0, 0.99672604,2.9802322E-08,0.08085585,-0.0;
	  4.7683716E-07,1.0000005,-9.834766E-07,-0.0, -0.08478063,1.4305115E-06,0.99640006,0.0, 0.9964001,5.9604645E-08,0.08478105,-0.0;
	  -3.5762787E-07,0.9999999,-1.6093254E-06,-0.0, -0.08718097,1.4305115E-06,0.9961924,0.0, 0.9961924,4.7683716E-07,0.08718085,-0.0;
	  4.7683716E-07,1.0000006,-9.834766E-07,-0.0, -0.08897844,1.5497208E-06,0.9960341,0.0, 0.99603415,5.9604645E-08,0.088979006,-0.0;
	  4.7683716E-07,1.0000004,-9.536743E-07,-0.0, -0.09036562,1.3113022E-06,0.99590904,0.0, 0.99590904,5.9604645E-08,0.09036589,-0.0;
	  0.0,1.0,-9.834766E-07,-0.0, -0.090823054,9.536743E-07,0.995867,0.0, 0.995867,8.940697E-08,0.09082317,-0.0;
	  -5.9604645E-08,0.99999994,-9.536743E-07,-0.0, -0.09041506,8.34465E-07,0.9959041,0.0, 0.9959041,2.9802322E-08,0.090415,-0.0;
	  -2.3841858E-07,0.99999964,-1.013279E-06,-0.0, -0.0892044,7.1525574E-07,0.996013,0.0, 0.996013,0.0,0.08920407,-0.0;
	  -1.7881393E-07,0.99999976,-9.536743E-07,-0.0, -0.08640316,7.1525574E-07,0.99626005,0.0, 0.99626,2.9802322E-08,0.08640289,-0.0;
	  -1.7881393E-07,0.99999976,-9.536743E-07,-0.0, -0.08640316,7.1525574E-07,0.99626005,0.0, 0.99626,2.9802322E-08,0.08640289,-0.0;
	  2.3841858E-07,1.0000002,-9.23872E-07,-0.0, -0.07832575,1.1920929E-06,0.9969281,0.0, 0.9969281,1.1920929E-07,0.07832599,-0.0;
	  2.3841858E-07,1.0000002,-9.23872E-07,-0.0, -0.07832575,1.1920929E-06,0.9969281,0.0, 0.9969281,1.1920929E-07,0.07832599,-0.0;
	  -1.7881393E-07,0.99999976,-9.536743E-07,-0.0, -0.075876236,7.1525574E-07,0.99711704,0.0, 0.997117,2.9802322E-08,0.075876,-0.0;
	  -1.7881393E-07,0.99999976,-9.536743E-07,-0.0, -0.075876236,7.1525574E-07,0.99711704,0.0, 0.997117,2.9802322E-08,0.075876,-0.0;
	  -5.9604645E-08,1.0,-9.834766E-07,-0.0, -0.07783702,9.536743E-07,0.99696606,0.0, 0.996966,5.9604645E-08,0.07783699,-0.0;
	  -4.172325E-07,1.0000001,-1.4007092E-06,-0.0, -0.079215884,1.4305115E-06,0.99685764,0.0, 0.99685764,6.2584877E-07,0.079216,-0.0;
	  -1.1920929E-07,0.99999976,-1.013279E-06,-0.0, -0.08034417,8.34465E-07,0.996767,0.0, 0.996767,0.0,0.08034396,-0.0;
	  1.1920929E-07,1.0,-9.536743E-07,-0.0, -0.08079192,9.536743E-07,0.99673104,0.0, 0.99673104,2.9802322E-08,0.08079195,-0.0;
	  2.3841858E-07,1.0000001,-1.013279E-06,-0.0, -0.080632925,1.0728836E-06,0.9967439,0.0, 0.996744,-2.9802322E-08,0.080632925,-0.0;
	  2.3841858E-07,1.0000001,-1.013279E-06,-0.0, -0.08023587,1.1920929E-06,0.996776,0.0, 0.996776,-2.9802322E-08,0.08023596,-0.0;
	  -2.9802322E-07,0.99999964,-9.536743E-07,-0.0, -0.07965544,5.9604645E-07,0.9968221,0.0, 0.99682206,2.9802322E-08,0.07965517,-0.0;
	  2.3841858E-07,1.0000002,-1.013279E-06,-0.0, -0.07895881,1.1920929E-06,0.996878,0.0, 0.996878,0.0,0.07895899,-0.0;
	  1.1920929E-07,1.0,-9.536743E-07,-0.0, -0.07820904,9.536743E-07,0.99693704,0.0, 0.996937,2.9802322E-08,0.07820916,-0.0;
	  0.0,1.0000001,-9.23872E-07,-0.0, -0.07745293,9.536743E-07,0.9969961,0.0, 0.99699605,1.1920929E-07,0.07745302,-0.0;
	  -5.9604645E-08,1.0,-8.940697E-07,-0.0, -0.07675305,8.34465E-07,0.99705005,0.0, 0.9970501,8.940697E-08,0.07675302,-0.0;
	  -2.9802322E-07,0.9999997,-9.834766E-07,-0.0, -0.0761773,7.1525574E-07,0.99709404,0.0, 0.99709404,8.940697E-08,0.076177,-0.0;
	  -2.3841858E-07,0.9999997,-9.536743E-07,-0.0, -0.07578236,7.1525574E-07,0.9971241,0.0, 0.9971241,2.9802322E-08,0.07578206,-0.0;
	  2.3841858E-07,1.0000002,-8.940697E-07,-0.0, -0.07614279,1.0728836E-06,0.99709713,0.0, 0.99709713,8.940697E-08,0.07614303,-0.0;
	  1.1920929E-07,1.0000001,-9.536743E-07,-0.0, -0.0775179,9.536743E-07,0.99699104,0.0, 0.99699104,2.9802322E-08,0.07751799,-0.0;
	  1.1920929E-07,1.0000001,-9.536743E-07,-0.0, -0.0775179,9.536743E-07,0.99699104,0.0, 0.99699104,2.9802322E-08,0.07751799,-0.0;
	  3.5762787E-07,1.0000005,-9.23872E-07,-0.0, -0.08136064,1.3113022E-06,0.99668515,0.0, 0.99668515,1.4901161E-07,0.081361055,-0.0;
	  3.5762787E-07,1.0000005,-9.23872E-07,-0.0, -0.08136064,1.3113022E-06,0.99668515,0.0, 0.99668515,1.4901161E-07,0.081361055,-0.0;
	  -3.5762787E-07,0.9999997,-9.834766E-07,-0.0, -0.0835883,7.1525574E-07,0.9965,0.0, 0.9965,8.940697E-08,0.083587885,-0.0;
	  4.7683716E-07,1.0,-4.4703484E-07,-0.0, -0.08291605,4.7683716E-07,0.9965565,0.0, 0.9965565,-4.4703484E-07,0.08291602,-0.0;
	  -2.3841858E-07,0.9999999,-9.23872E-07,-0.0, -0.08043018,7.1525574E-07,0.99676013,0.0, 0.99676013,1.4901161E-07,0.08043003,-0.0;
	  2.3841858E-07,1.0000002,-9.834766E-07,-0.0, -0.07561791,1.1920929E-06,0.99713707,0.0, 0.99713707,8.940697E-08,0.07561803,-0.0;
	  3.5762787E-07,1.0000002,-1.013279E-06,-0.0, -0.056691766,1.1920929E-06,0.998392,0.0, 0.998392,-2.9802322E-08,0.056691885,-0.0;
	  -1.1920929E-07,1.0,-9.23872E-07,-0.0, -0.025761038,9.536743E-07,0.9996681,0.0, 0.9996681,8.940697E-08,0.025761008,-0.0;
	  4.7683716E-07,1.0000005,-9.834766E-07,-0.0, -0.0026245117,1.4305115E-06,0.999997,0.0, 0.999997,2.9802322E-08,0.0026249886,-0.0;
	  2.3841858E-07,1.0000002,-9.834766E-07,-0.0, 0.0028747916,1.1920929E-06,0.99999607,0.0, 0.99999607,-2.9802322E-08,-0.0028746128,-0.0;
	  0.0,1.0,-9.536743E-07,-0.0, 0.00017404556,9.536743E-07,1.0,0.0, 1.0,0.0,-0.00017404556,-0.0;
	  2.3841858E-07,1.0000002,-9.834766E-07,-0.0, -0.0025237799,1.1920929E-06,0.999997,0.0, 0.999997,2.9802322E-08,0.0025240183,-0.0;
	  1.1920929E-07,1.0000001,-1.0430813E-06,-0.0, -0.0025018752,1.1920929E-06,0.999997,0.0, 0.999997,-2.9802322E-08,0.0025019646,-0.0;
	  1.1920929E-07,1.0000001,-9.834766E-07,-0.0, -0.0024828613,1.1920929E-06,0.999997,0.0, 0.999997,2.9802322E-08,0.0024830103,-0.0;
	  1.1920929E-07,1.0000001,-9.834766E-07,-0.0, -0.0024769008,1.1920929E-06,0.999997,0.0, 0.999997,2.9802322E-08,0.0024770498,-0.0;
	  1.1920929E-07,1.0000001,-9.834766E-07,-0.0, -0.0024769008,1.1920929E-06,0.999997,0.0, 0.999997,2.9802322E-08,0.0024770498,-0.0;
	  1.1920929E-07,1.0000001,-9.834766E-07,-0.0, -0.0024769008,1.1920929E-06,0.999997,0.0, 0.999997,2.9802322E-08,0.0024770498,-0.0;
	  0.0,1.0,-1.0430813E-06,-0.0, -0.00246498,1.0728836E-06,0.99999696,0.0, 0.999997,0.0,0.0024650097,-0.0;
	  0.0,1.0,-9.834766E-07,-0.0, -0.0024619699,1.0728836E-06,0.999997,0.0, 0.999997,2.9802322E-08,0.0024620295,-0.0;
	  0.0,1.0,-9.834766E-07,-0.0, -0.0024619699,1.0728836E-06,0.999997,0.0, 0.999997,2.9802322E-08,0.0024620295,-0.0;
	  0.0,1.0,-9.834766E-07,-0.0, -0.0024619699,1.0728836E-06,0.999997,0.0, 0.999997,2.9802322E-08,0.0024620295,-0.0;
	  0.0,1.0,-9.834766E-07,-0.0, -0.0024619699,1.0728836E-06,0.999997,0.0, 0.999997,2.9802322E-08,0.0024620295,-0.0;
	  0.0,1.0,-1.0430813E-06,-0.0, -0.0024449825,1.0728836E-06,0.999997,0.0, 0.999997,-2.9802322E-08,0.0024449825,-0.0;
	  0.0,1.0,-1.0430813E-06,-0.0, -0.0024449825,1.0728836E-06,0.999997,0.0, 0.999997,-2.9802322E-08,0.0024449825,-0.0;
	  0.0,1.0,-9.23872E-07,-0.0, -0.002431929,9.536743E-07,0.99999714,0.0, 0.99999714,8.940697E-08,0.0024319887,-0.0;
	  0.0,1.0,-9.23872E-07,-0.0, -0.002431929,9.536743E-07,0.99999714,0.0, 0.99999714,8.940697E-08,0.0024319887,-0.0;
	  -1.1920929E-07,0.9999999,-1.0430813E-06,-0.0, -0.0024170876,9.536743E-07,0.99999696,0.0, 0.9999969,0.0,0.0024169683,-0.0;
	  -1.1920929E-07,1.0,-9.23872E-07,-0.0, -0.002410084,9.536743E-07,0.99999714,0.0, 0.99999714,8.940697E-08,0.0024100542,-0.0;
	  1.1920929E-07,1.0000001,-1.0430813E-06,-0.0, -0.0024918616,1.1920929E-06,0.999997,0.0, 0.999997,-2.9802322E-08,0.002491951,-0.0;
	  -3.5762787E-07,0.9999997,-9.834766E-07,-0.0, -0.0027002692,7.1525574E-07,0.99999607,0.0, 0.99999607,2.9802322E-08,0.0026999712,-0.0;
	  3.5762787E-07,1.0000005,-9.23872E-07,-0.0, -0.002955556,1.4305115E-06,0.99999607,0.0, 0.99999607,8.940697E-08,0.0029560328,-0.0;
	  1.1920929E-07,1.0000001,-9.834766E-07,-0.0, -0.0031888485,1.0728836E-06,0.999995,0.0, 0.999995,2.9802322E-08,0.0031889677,-0.0;
	  4.7683716E-07,1.0,-4.7683716E-07,-0.0, -0.0033220053,4.7683716E-07,0.9999945,0.0, 0.9999945,-4.7683716E-07,0.0033220053,-0.0;
	  4.7683716E-07,1.0,-4.7683716E-07,-0.0, -0.0033220053,4.7683716E-07,0.9999945,0.0, 0.9999945,-4.7683716E-07,0.0033220053,-0.0;
	  4.7683716E-07,1.0,-4.7683716E-07,-0.0, -0.0033220053,4.7683716E-07,0.9999945,0.0, 0.9999945,-4.7683716E-07,0.0033220053,-0.0;
	  4.7683716E-07,1.0,-4.7683716E-07,-0.0, -0.0033220053,4.7683716E-07,0.9999945,0.0, 0.9999945,-4.7683716E-07,0.0033220053,-0.0;
	  3.5762787E-07,1.0000002,-1.013279E-06,-0.0, -0.0008136928,1.3113022E-06,0.99999994,0.0, 0.99999994,-5.9604645E-08,0.000813961,-0.0;
	  3.5762787E-07,1.0000002,-1.013279E-06,-0.0, -0.0008136928,1.3113022E-06,0.99999994,0.0, 0.99999994,-5.9604645E-08,0.000813961,-0.0;
	  3.5762787E-07,1.0000002,-1.013279E-06,-0.0, -0.0008136928,1.3113022E-06,0.99999994,0.0, 0.99999994,-5.9604645E-08,0.000813961,-0.0;
	  3.5762787E-07,1.0000002,-1.013279E-06,-0.0, -0.0008136928,1.3113022E-06,0.99999994,0.0, 0.99999994,-5.9604645E-08,0.000813961,-0.0;
	  4.7683716E-07,1.0000005,-9.834766E-07,-0.0, 0.010807514,1.4305115E-06,0.99994206,0.0, 0.99994206,-2.9802322E-08,-0.010807037,-0.0;
	  -1.1920929E-07,0.9999999,-9.834766E-07,-0.0, 0.01515615,8.34465E-07,0.999885,0.0, 0.99988496,-5.9604645E-08,-0.015156269,-0.0;
	  0.0,1.0000001,-1.013279E-06,-0.0, 0.017611831,1.1920929E-06,0.999845,0.0, 0.999845,5.9604645E-08,-0.017611742,-0.0;
	  -2.3841858E-07,0.99999976,-1.013279E-06,-0.0, 0.015541285,8.34465E-07,0.999879,0.0, 0.999879,5.9604645E-08,-0.015541494,-0.0;
	  5.9604645E-07,1.0,-1.4901161E-06,-0.0, 0.008063972,1.5497208E-06,0.9999675,0.0, 0.9999675,-5.364418E-07,-0.008063912,-0.0;
	  -4.172325E-07,0.9999995,-1.0430813E-06,-0.0, -0.0026924312,5.9604645E-07,0.99999595,0.0, 0.99999595,-2.9802322E-08,0.0026919842,-0.0;
	  -4.172325E-07,0.9999995,-1.0430813E-06,-0.0, -0.0151364505,5.9604645E-07,0.99988496,0.0, 0.99988496,-2.9802322E-08,0.0151360035,-0.0;
	  3.5762787E-07,1.0000004,-9.834766E-07,-0.0, -0.027469635,1.3113022E-06,0.999623,0.0, 0.99962306,5.9604645E-08,0.027469993,-0.0;
	  -2.3841858E-07,0.9999999,-9.23872E-07,-0.0, -0.038014174,8.34465E-07,0.9992771,0.0, 0.9992771,1.1920929E-07,0.038014054,-0.0;
	  3.5762787E-07,1.0000002,-9.834766E-07,-0.0, -0.044893682,1.3113022E-06,0.9989921,0.0, 0.9989921,5.9604645E-08,0.04489398,-0.0;
	  -5.9604645E-08,1.0,-9.23872E-07,-0.0, -0.048316002,9.536743E-07,0.9988321,0.0, 0.9988321,1.1920929E-07,0.048316002,-0.0;
	  -3.5762787E-07,0.9999995,-1.0430813E-06,-0.0, -0.049835324,5.9604645E-07,0.998757,0.0, 0.998757,0.0,0.049834967,-0.0;
	  0.0,1.0,-8.940697E-07,-0.0, -0.049862027,9.536743E-07,0.9987562,0.0, 0.9987561,8.940697E-08,0.049862027,-0.0;
	  -4.7683716E-07,1.0,-1.4603138E-06,-0.0, -0.048800945,1.4305115E-06,0.9988085,0.0, 0.9988085,5.066395E-07,0.048800945,-0.0;
	  -3.5762787E-07,0.99999976,-9.536743E-07,-0.0, -0.04705432,5.9604645E-07,0.99889207,0.0, 0.99889207,1.1920929E-07,0.047054052,-0.0;
	  2.3841858E-07,1.0000001,-1.0728836E-06,-0.0, -0.045025826,1.1920929E-06,0.9989859,0.0, 0.99898595,-8.940697E-08,0.045025826,-0.0;
	  -2.3841858E-07,0.99999976,-9.536743E-07,-0.0, -0.0431132,7.1525574E-07,0.99907,0.0, 0.99907,0.0,0.043112993,-0.0;
	  -4.172325E-07,0.99999964,-9.834766E-07,-0.0, -0.041115433,5.9604645E-07,0.99915403,0.0, 0.999154,5.9604645E-08,0.041115046,-0.0;
	  3.5762787E-07,1.0000004,-1.0430813E-06,-0.0, -0.03860262,1.3113022E-06,0.99925494,0.0, 0.99925494,-2.9802322E-08,0.03860295,-0.0;
	  3.5762787E-07,1.0000002,-9.536743E-07,-0.0, -0.03569469,1.3113022E-06,0.99936306,0.0, 0.99936306,2.9802322E-08,0.035695076,-0.0;
	  2.3841858E-07,1.0000002,-1.0430813E-06,-0.0, -0.032529682,1.3113022E-06,0.99947107,0.0, 0.99947107,-2.9802322E-08,0.03252995,-0.0;
	  2.3841858E-07,1.0000002,-1.0430813E-06,-0.0, -0.032529682,1.3113022E-06,0.99947107,0.0, 0.99947107,-2.9802322E-08,0.03252995,-0.0;
	  2.3841858E-07,1.0000002,-1.0430813E-06,-0.0, -0.032529682,1.3113022E-06,0.99947107,0.0, 0.99947107,-2.9802322E-08,0.03252995,-0.0;
	  2.3841858E-07,1.0000002,-1.0430813E-06,-0.0, -0.032529682,1.3113022E-06,0.99947107,0.0, 0.99947107,-2.9802322E-08,0.03252995,-0.0;
	  -3.5762787E-07,0.99999964,-9.834766E-07,0.0, -0.019370317,5.9604645E-07,0.999812,-0.0, 0.999812,2.9802322E-08,0.01936996,-0.0;
	}
	NAME "Bip01 Spine"
	DEFAULT_POSE {1,0,0,0, 0,1,0,0, 0,0,1,0;}
	{
	  0.99932384,-0.027781896,0.02407579,0.169602, 0.029870108,0.9953821,-0.09122476,0.0244, -0.021430215,0.091882244,0.99553907,0.003274;
	  0.99932384,-0.027781896,0.02407579,0.169602, 0.029870108,0.9953821,-0.09122476,0.0244, -0.021430215,0.091882244,0.99553907,0.003274;
	  0.99943364,-0.027819129,0.018947907,0.169602, 0.029333873,0.9959481,-0.08501468,0.0244, -0.01650609,0.08552232,0.9961997,0.003274;
	  0.99943364,-0.027819129,0.018947907,0.169602, 0.029333873,0.9959481,-0.08501468,0.0244, -0.01650609,0.08552232,0.9961997,0.003274;
	  0.99951327,-0.027848091,0.014096255,0.169634, 0.028916907,0.99618316,-0.08236475,0.0244, -0.011748745,0.082732245,0.996503,0.000433;
	  0.99951327,-0.027848091,0.014096255,0.169634, 0.028916907,0.99618316,-0.08236475,0.0244, -0.011748745,0.082732245,0.996503,0.000433;
	  0.9995625,-0.02792821,0.009740819,0.169634, 0.028657787,0.9959495,-0.08522507,0.0244, -0.0073211803,0.08546693,0.99631405,0.000433;
	  0.9995798,-0.027910044,0.007837182,0.169634, 0.028505953,0.9954785,-0.09060985,0.0244, -0.00527282,0.090795174,0.9958557,0.000433;
	  0.99959457,-0.027766835,0.0063012764,0.169633, 0.028265167,0.9943794,-0.10203312,0.024401, -0.0034327225,0.10216986,0.994761,0.000488;
	  0.9996053,-0.02757919,0.005326204,0.169633, 0.02802481,0.9920256,-0.122880116,0.024401, -0.001894797,0.12298089,0.9924071,0.000488;
	  0.9996102,-0.027494177,0.0048011406,0.169633, 0.027903821,0.98816824,-0.1508129,0.024401, -0.0005978588,0.15088812,0.9885504,0.000488;
	  0.99961114,-0.02754435,0.0044117696,0.169633, 0.027888652,0.98330534,-0.17981496,0.024401, 0.00061476964,0.17986801,0.98369086,0.000488;
	  0.9996095,-0.027676962,0.0038290864,0.169546, 0.027876038,0.97858095,-0.20396593,0.024402, 0.0018980864,0.20399305,0.9789704,0.005432;
	  0.999612,-0.027703097,0.0028846278,0.169546, 0.027652903,0.9747101,-0.22175512,0.024402, 0.0033316277,0.22174886,0.975098,0.005432;
	  0.99961376,-0.027736045,0.0017660857,0.169546, 0.027375959,0.9716952,-0.23464714,0.024402, 0.0047920863,0.23460485,0.97207916,0.005432;
	  0.999611,-0.027892713,0.00061208755,0.169546, 0.02721629,0.9700749,-0.24127662,0.024402, 0.0061360877,0.24119937,0.9704565,0.005432;
	  0.999606,-0.028069796,-0.0005558543,0.169079, 0.027104205,0.9700037,-0.24157515,0.024404, 0.007320145,0.24146485,0.9703822,0.013685;
	  0.999606,-0.028069796,-0.0005558543,0.169079, 0.027104205,0.9700037,-0.24157515,0.024404, 0.007320145,0.24146485,0.9703822,0.013685;
	  0.999606,-0.028069796,-0.0005558543,0.169079, 0.027104205,0.9700037,-0.24157515,0.024404, 0.007320145,0.24146485,0.9703822,0.013685;
	  0.999606,-0.028069796,-0.0005558543,0.169079, 0.027104205,0.9700037,-0.24157515,0.024404, 0.007320145,0.24146485,0.9703822,0.013685;
	  0.99958396,-0.028292077,-0.005651976,0.169079, 0.026366929,0.9753413,-0.21912211,0.024404, 0.011712023,0.21888188,0.9756813,0.013685;
	  0.99958396,-0.028292077,-0.005651976,0.168933, 0.026366929,0.9753413,-0.21912211,0.024403, 0.011712023,0.21888188,0.9756813,0.01538;
	  0.99958396,-0.028292077,-0.005651976,0.168933, 0.026366929,0.9753413,-0.21912211,0.024403, 0.011712023,0.21888188,0.9756813,0.01538;
	  0.99958396,-0.028292077,-0.005651976,0.168933, 0.026366929,0.9753413,-0.21912211,0.024403, 0.011712023,0.21888188,0.9756813,0.01538;
	  0.9995347,-0.02839914,-0.011102887,0.168933, 0.025839854,0.98219883,-0.1860572,0.024403, 0.01618911,0.18568377,0.982476,0.01538;
	  0.9995347,-0.02839914,-0.011102887,0.168933, 0.025839854,0.98219883,-0.1860572,0.024403, 0.01618911,0.18568377,0.982476,0.01538;
	  0.9995347,-0.02839914,-0.011102887,0.168933, 0.025839854,0.98219883,-0.1860572,0.024403, 0.01618911,0.18568377,0.982476,0.01538;
	  0.9994832,-0.028389022,-0.015063113,0.168933, 0.025685973,0.98734653,-0.15648188,0.024403, 0.019314883,0.15601413,0.98756576,0.01538;
	  0.9994832,-0.028389022,-0.015063113,0.169146, 0.025685973,0.98734653,-0.15648188,0.024401, 0.019314883,0.15601413,0.98756576,0.012852;
	  0.9994832,-0.028389022,-0.015063113,0.169146, 0.025685973,0.98734653,-0.15648188,0.024401, 0.019314883,0.15601413,0.98756576,0.012852;
	  0.9994832,-0.028389022,-0.015063113,0.169146, 0.025685973,0.98734653,-0.15648188,0.024401, 0.019314883,0.15601413,0.98756576,0.012852;
	  0.9992546,-0.033499014,-0.019169537,0.169146, 0.03080398,0.99144495,-0.126837,0.024401, 0.02325446,0.126152,0.9917381,0.012852;
	  0.9992546,-0.033499014,-0.019169537,0.169146, 0.03080398,0.99144495,-0.126837,0.024401, 0.02325446,0.126152,0.9917381,0.012852;
	  0.9994019,-0.028146848,-0.020072905,0.16908, 0.025624156,0.992867,-0.11643798,0.024401, 0.023207096,0.11585403,0.9929948,0.01369;
	  0.99958384,-0.020826783,-0.019948067,0.16908, 0.018446218,0.993438,-0.11287195,0.024401, 0.022167934,0.112457044,0.99340904,0.01369;
	  0.99958384,-0.020826783,-0.019948067,0.16908, 0.018446218,0.993438,-0.11287195,0.024401, 0.022167934,0.112457044,0.99340904,0.01369;
	  0.99958384,-0.020826783,-0.019948067,0.16908, 0.018446218,0.993438,-0.11287195,0.024401, 0.022167934,0.112457044,0.99340904,0.01369;
	  0.99958384,-0.020826783,-0.019948067,0.169099, 0.018446218,0.993438,-0.11287195,0.0244, 0.022167934,0.112457044,0.99340904,0.01338;
	  0.99958384,-0.020826783,-0.019948067,0.169099, 0.018446218,0.993438,-0.11287195,0.0244, 0.022167934,0.112457044,0.99340904,0.01338;
	  0.99958384,-0.020826783,-0.019948067,0.169099, 0.018446218,0.993438,-0.11287195,0.0244, 0.022167934,0.112457044,0.99340904,0.01338;
	  0.9987726,0.0469612,-0.01572491,0.169099, -0.0483098,0.9937463,-0.10066793,0.0244, 0.010899088,0.10130408,0.99479556,0.01338;
	  0.9987726,0.0469612,-0.01572491,0.169099, -0.0483098,0.9937463,-0.10066793,0.0244, 0.010899088,0.10130408,0.99479556,0.01338;
	  0.9980787,0.060180843,-0.01473741,0.169135, -0.061334155,0.99335325,-0.09740412,0.024401, 0.008777591,0.09812088,0.9951358,0.012843;
	  0.9981904,0.05822387,-0.015073195,0.169135, -0.059403133,0.99363923,-0.09567391,0.024401, 0.009406807,0.09639611,0.9952992,0.012843;
	  0.9986968,0.048334092,-0.016387932,0.169135, -0.04966691,0.99432003,-0.09413187,0.024401, 0.01174507,0.09482314,0.99542487,0.012843;
	  0.9986968,0.048334092,-0.016387932,0.169135, -0.04966691,0.99432003,-0.09413187,0.024401, 0.01174507,0.09482314,0.99542487,0.012843;
	  0.999509,0.023642039,-0.020555975,0.169135, -0.02542696,0.99548817,-0.091414094,0.024401, 0.018302018,0.0918919,0.9956007,0.012843;
	  0.999581,0.017907053,-0.022743125,0.169135, -0.019887947,0.99573505,-0.090090215,0.024401, 0.021032874,0.09050478,0.9956739,0.012843;
	  0.99943924,0.022848027,-0.024484588,0.169034, -0.024936968,0.99574494,-0.08871609,0.0244, 0.022353413,0.089276895,0.99575615,0.014168;
	  0.99758637,0.06513981,-0.02404314,0.169034, -0.066995196,0.9939728,-0.08677282,0.0244, 0.018245861,0.08817417,0.9959378,0.014168;
	  0.99103904,0.13158797,-0.0229342,0.169034, -0.133076,0.9874761,-0.08474319,0.0244, 0.011495793,0.087035805,0.9961387,0.014168;
	  0.9858577,0.16554876,-0.026023291,0.169124, -0.16717322,0.98236,-0.08379128,0.024402, 0.0116927065,0.08695672,0.996143,0.012816;
	  0.9884056,0.14921603,-0.028068818,0.169124, -0.15110698,0.98478174,-0.08585198,0.024402, 0.014831181,0.08909802,0.99591184,0.012816;
	  0.99452174,0.10163224,-0.024432767,0.169124, -0.10344377,0.99052,-0.09038385,0.024402, 0.015015233,0.092416145,0.995607,0.012816;
	  0.9995924,0.019440865,-0.020923872,0.169628, -0.021339132,0.995278,-0.09469407,0.0244, 0.018984128,0.09510193,0.9952868,0.000433;
	  0.9897202,-0.1416127,-0.020005237,0.169628, 0.1390713,0.9855783,-0.09641113,0.0244, 0.03336976,0.092637874,0.9951408,0.000433;
	  0.94343865,-0.3309722,-0.019524194,0.169628, 0.3277418,0.93988764,-0.09590008,0.0244, 0.050090805,0.08407693,0.99519956,0.000433;
	  0.9056859,-0.42352718,-0.018896818,0.169684, 0.4200768,0.90253305,-0.09470507,0.024412, 0.057165183,0.07783496,0.9953257,0.000418;
	  0.9694911,-0.24453893,-0.01696784,0.169684, 0.24192503,0.96568394,-0.09448224,0.024412, 0.039490156,0.087494746,0.9953821,0.000418;
	  0.99949753,-0.027793845,-0.015255096,0.169684, 0.026228158,0.9951621,-0.09468337,0.024412, 0.017812904,0.09423565,0.9953909,0.000418;
	  0.99988556,0.0035642132,-0.014671934,0.169684, -0.004938787,0.9954889,-0.09474467,0.024412, 0.014268064,0.09480633,0.99539304,0.000418;
	  0.99973273,0.01823613,-0.014223113,0.169684, -0.019503873,0.9953071,-0.09478298,0.024412, 0.012427888,0.09503503,0.9953965,0.000418;
	  0.999699,0.020223951,-0.013865866,0.169628, -0.021449046,0.9952656,-0.09479305,0.0244, 0.011883134,0.09506196,0.9954001,0.000407;
	  0.9998201,0.0132282255,-0.013567135,0.169628, -0.014455774,0.99539304,-0.09477994,0.0244, 0.012250865,0.09495905,0.99540555,0.000407;
	  0.99991107,0.0010041439,-0.013287978,0.169628, -0.0022588563,0.9954984,-0.0947497,0.0244, 0.013133021,0.0947713,0.99541223,0.000407;
	  0.99991107,0.0010041439,-0.013287978,0.169628, -0.0022588563,0.9954984,-0.0947497,0.0244, 0.013133021,0.0947713,0.99541223,0.000407;
	  0.9996476,-0.02331586,-0.01265369,0.169628, 0.022015141,0.9952638,-0.094679944,0.0244, 0.01480131,0.09436805,0.9954269,0.000407;
	  0.99953866,-0.02779469,-0.012222039,0.169628, 0.02651531,0.99515593,-0.09466286,0.0244, 0.014793962,0.094295144,0.99543417,0.000407;
	  0.9995887,-0.02603093,-0.012030099,0.169634, 0.024752071,0.9950342,-0.09640621,0.0244, 0.0144799035,0.096068785,0.9952693,0.000403;
	  0.9995887,-0.02603093,-0.012030099,0.169634, 0.024752071,0.9950342,-0.09640621,0.0244, 0.0144799035,0.096068785,0.9952693,0.000403;
	  0.9997591,-0.018180849,-0.012309954,0.169634, 0.01680115,0.99441826,-0.104164965,0.0244, 0.014135048,0.10393303,0.99448407,0.000403;
	  0.9997935,-0.016374826,-0.011994001,0.169632, 0.015013173,0.9942579,-0.10594695,0.024401, 0.01366,0.105745055,0.99429893,0.000398;
	  0.99976313,-0.018867886,-0.0108111715,0.169632, 0.017649116,0.9944749,-0.103476636,0.024401, 0.012703829,0.10326136,0.99457276,0.000398;
	  0.99957776,-0.02779515,-0.008419709,0.169632, 0.026874848,0.99514866,-0.0946361,0.024401, 0.011009291,0.0943699,0.9954759,0.000398;
	  0.9989569,-0.045421798,-0.004579,0.169636, 0.04493021,0.99597,-0.077615835,0.0244, 0.008086001,0.07732918,0.9969723,0.000413;
	  0.99750626,-0.07057769,0.000121127,0.169636, 0.070482306,0.996066,-0.053710707,0.0244, 0.0036701271,0.053585306,0.9985566,0.000413;
	  0.9949713,-0.10004793,0.0047392193,0.169636, 0.100137085,0.994643,-0.025648203,0.0244, -0.0021477814,0.025993798,0.9996598,0.000413;
	  0.9949713,-0.10004793,0.0047392193,0.169636, 0.100137085,0.994643,-0.025648203,0.0244, -0.0021477814,0.025993798,0.9996598,0.000413;
	  0.9869487,-0.16062236,0.0114930365,0.169636, 0.16016662,0.9865289,0.033269,0.0244, -0.016681962,-0.030994004,0.99938,0.000413;
	  0.9825463,-0.18554676,0.013226682,0.169636, 0.18448123,0.9810846,0.058647335,0.0244, -0.023858318,-0.055183657,0.998191,0.000413;
	  0.97915983,-0.20260416,0.014074127,0.169656, 0.2009498,0.9765403,0.077386975,0.024403, -0.029422868,-0.07294601,0.996902,0.000515;
	  0.9778061,-0.20901677,0.0143759735,0.169656, 0.2070232,0.97446203,0.086974725,0.024403, -0.03218802,-0.08206828,0.9961065,0.000515;
