SE_ANIM 0.1;

SEC_PER_FRAME 0.033333;
FRAMES 71;
ANIM_ID "besurel_idle01";

BONEENVELOPES 80
{
	NAME "Bip01"
	DEFAULT_POSE {1,0,0,0, 0,1,0,0, 0,0,1,0;}
	{
	  -0.44454628,0.8949882,0.037079066,0.0, 0.08180085,-0.0006597638,0.99664855,2.449995, 0.8920131,0.44608954,-0.0729174,1.4E-05;
	  -0.44455272,0.8949857,0.037070483,0.0, 0.0817754,-0.00066173077,0.9966512,2.449995, 0.8920126,0.4460958,-0.072892666,1.4E-05;
	  -0.44453943,0.8950969,0.034445584,6.8E-05, 0.075350106,-0.0009511709,0.99715686,2.450765, 0.8925846,0.44587108,-0.06702256,-0.001588;
	  -0.44453943,0.8950969,0.034445584,6.8E-05, 0.075350106,-0.0009511709,0.99715686,2.450765, 0.8925846,0.44587108,-0.06702256,-0.001588;
	  -0.44453943,0.8950969,0.034445584,6.8E-05, 0.075350106,-0.0009511709,0.99715686,2.450765, 0.8925846,0.44587108,-0.06702256,-0.001588;
	  -0.44453943,0.8950969,0.034445584,6.8E-05, 0.075350106,-0.0009511709,0.99715686,2.450765, 0.8925846,0.44587108,-0.06702256,-0.001588;
	  -0.44527805,0.89509165,0.023212463,0.000338, 0.047824353,-0.0021119118,0.9988539,2.453827, 0.8941145,0.44587803,-0.041866183,-0.007938;
	  -0.44527805,0.89509165,0.023212463,0.000338, 0.047824353,-0.0021119118,0.9988539,2.453827, 0.8941145,0.44587803,-0.041866183,-0.007938;
	  -0.44543588,0.8951398,0.017663628,0.000338, 0.03422621,-0.0026893616,0.9994108,2.453827, 0.89465964,0.4457782,-0.029438794,-0.007938;
	  -0.44543588,0.8951398,0.017663628,0.000597, 0.03422621,-0.0026893616,0.9994108,2.456796, 0.89465964,0.4457782,-0.029438794,-0.008697;
	  -0.44495177,0.89546657,0.012562752,0.000597, 0.021698505,-0.003243804,0.99975955,2.456796, 0.89529175,0.4451175,-0.017986596,-0.008697;
	  -0.44435626,0.89579153,0.010277361,0.000597, 0.016061574,-0.0035036206,0.99986535,2.456796, 0.8957064,0.44446176,-0.012830257,-0.008697;
	  -0.44346917,0.89625186,0.008221477,0.001048, 0.010962188,-0.003748536,0.99993277,2.4608, 0.8962225,0.44352937,-0.008162737,-0.004868;
	  -0.44224238,0.8968723,0.006433964,0.001048, 0.0064906776,-0.003973305,0.9999708,2.4608, 0.8968719,0.4422711,-0.0040645003,-0.004868;
	  -0.44050837,0.89773536,0.0049001276,0.001928, 0.0025922954,-0.004185915,0.9999882,2.465699, 0.8977449,0.44051602,-0.00048279762,0.004326;
	  -0.43820858,0.8988665,0.0035747588,0.001928, -0.00085550547,-0.0043935776,0.99999034,2.465699, 0.8988732,0.43820152,0.0026948452,0.004326;
	  -0.4354717,0.90019894,0.0024499893,0.001928, -0.0038630366,-0.0045905113,0.99998176,2.465699, 0.900194,0.43545422,0.0054762363,0.004326;
	  -0.4324211,0.90167046,0.0015182793,0.001928, -0.0064365566,-0.0047708154,0.9999677,2.465699, 0.90164876,0.43239722,0.007866383,0.004326;
	  -0.42920446,0.90320706,0.00077432394,0.001928, -0.008573949,-0.004931569,0.9999511,2.465699, 0.9031667,0.4291769,0.009860754,0.004326;
	  -0.42588806,0.9047756,0.00019529462,0.001928, -0.010321379,-0.0050745606,0.9999335,2.465699, 0.90471673,0.4258575,0.0114991665,0.004326;
	  -0.422678,0.9062803,-0.0002155602,0.001928, -0.011643708,-0.005192101,0.9999193,2.465699, 0.90620553,0.42264667,0.012747765,0.004326;
	  -0.41962624,0.90769684,-0.00047776103,0.001928, -0.012583166,-0.005290866,0.9999069,2.465699, 0.9076098,0.41959321,0.0136419535,0.004326;
	  -0.41693372,0.908937,-0.000598371,0.007155, -0.013124108,-0.005361438,0.9998999,2.492816, 0.9088424,0.4169001,0.014164925,0.06162;
	  -0.4146657,0.9099733,-0.00058946013,0.007155, -0.013291657,-0.005409658,0.9998966,2.492816, 0.90987647,0.41463035,0.01433754,0.06162;
	  -0.41300213,0.9107299,-0.00046291947,0.007155, -0.013088077,-0.0054271817,0.99989945,2.492816, 0.91063595,0.41296655,0.0141608715,0.06162;
	  -0.41190684,0.91122603,-0.00024461746,0.007155, -0.012620896,-0.0054364204,0.9999058,2.492816, 0.9111387,0.41187122,0.013740063,0.06162;
	  -0.41126907,0.91151386,4.5835972E-05,0.009576, -0.01197809,-0.005454898,0.9999132,2.499578, 0.9114352,0.4112328,0.013161421,0.082923;
	  -0.41099226,0.91163886,0.00043156743,0.009576, -0.011091143,-0.0054733753,0.9999237,2.499578, 0.9115715,0.41095626,0.01236093,0.082923;
	  -0.41100317,0.9116337,0.00091704726,0.009576, -0.009935379,-0.0054848194,0.999936,2.499578, 0.91157997,0.41096798,0.011312246,0.082923;
	  -0.4112221,0.9115336,0.0015290678,0.009576, -0.008432299,-0.0054819584,0.999949,2.499578, 0.9114959,0.41118798,0.009940028,0.082923;
	  -0.41156,0.91137993,0.0022669435,0.012259, -0.006568104,-0.0054531097,0.99996376,2.502328, 0.9113591,0.4115303,0.008230567,0.10016;
	  -0.41194594,0.91120267,0.0031647682,0.012259, -0.004249394,-0.0053943396,0.9999763,2.502328, 0.91119826,0.4119227,0.006093979,0.10016;
	  -0.4122895,0.91104317,0.004214287,0.01333, -0.0014828146,-0.0052966475,0.9999849,2.501902, 0.91105175,0.41227704,0.0035347939,0.106467;
	  -0.41251457,0.9109348,0.0054557323,0.01333, 0.0018487871,-0.0051516294,0.9999852,2.501902, 0.91094923,0.41251865,0.0004413128,0.106467;
	  -0.41253465,0.91091603,0.0068820417,0.01333, 0.0057400465,-0.004955113,0.9999714,2.501902, 0.91092396,0.41256246,-0.003184259,0.106467;
	  -0.4122724,0.91102105,0.008501321,0.014055, 0.010225952,-0.0047032833,0.9999368,2.498211, 0.91100335,0.41233337,-0.0073768497,0.111327;
	  -0.41163933,0.911288,0.010343373,0.013965, 0.015414089,-0.004386306,0.9998714,2.496024, 0.9112163,0.4117457,-0.0122413635,0.111415;
	  -0.41046977,0.9117878,0.012565136,0.013965, 0.0217852,-0.003969848,0.999755,2.496024, 0.9116141,0.41064307,-0.018233657,0.111415;
	  -0.4087603,0.91251487,0.015214443,0.013108, 0.02951014,-0.0034468174,0.9995583,2.488997, 0.91216445,0.40902862,-0.025519729,0.108499;
	  -0.40664333,0.913406,0.018185705,0.013108, 0.038278967,-0.0028534532,0.99926305,2.488997, 0.9127848,0.40703985,-0.03380376,0.108499;
	  -0.40422183,0.91441,0.02141589,0.011512, 0.047914058,-0.0022131205,0.99884856,2.478861, 0.9134049,0.40478227,-0.0429191,0.102013;
	  -0.40422183,0.91441,0.02141589,0.011512, 0.047914058,-0.0022131205,0.99884856,2.478861, 0.9134049,0.40478227,-0.0429191,0.102013;
	  -0.40422183,0.91441,0.02141589,0.011512, 0.047914058,-0.0022131205,0.99884856,2.478861, 0.9134049,0.40478227,-0.0429191,0.102013;
	  -0.40422183,0.91441,0.02141589,0.011512, 0.047914058,-0.0022131205,0.99884856,2.478861, 0.9134049,0.40478227,-0.0429191,0.102013;
	  -0.39427543,0.9183291,0.03491357,0.007301, 0.08883786,0.00027382374,0.9960464,2.455353, 0.9146886,0.39581856,-0.081689715,0.083177;
	  -0.39427543,0.9183291,0.03491357,0.007301, 0.08883786,0.00027382374,0.9960464,2.455353, 0.9146886,0.39581856,-0.081689715,0.083177;
	  -0.39113498,0.9194268,0.040846437,0.005295, 0.106752306,0.0012421608,0.99428535,2.445138, 0.9141214,0.39326057,-0.09863603,0.073297;
	  -0.39113498,0.9194268,0.040846437,0.005295, 0.106752306,0.0012421608,0.99428535,2.445138, 0.9141214,0.39326057,-0.09863603,0.073297;
	  -0.39083612,0.9193401,0.04539156,0.003776, 0.1198228,0.0019211769,0.99279296,2.438114, 0.9126276,0.39345798,-0.11090946,0.064821;
	  -0.39083612,0.9193401,0.04539156,0.003776, 0.1198228,0.0019211769,0.99279296,2.438114, 0.9126276,0.39345798,-0.11090946,0.064821;
	  -0.39461893,0.9175553,0.04866597,0.002749, 0.12781364,0.0023661852,0.99179554,2.434786, 0.909912,0.39760152,-0.1182096,0.057412;
	  -0.39461893,0.9175553,0.04866597,0.002749, 0.12781364,0.0023661852,0.99179554,2.434786, 0.909912,0.39760152,-0.1182096,0.057412;
	  -0.39461893,0.9175553,0.04866597,0.00197, 0.12781364,0.0023661852,0.99179554,2.434042, 0.909912,0.39760152,-0.1182096,0.049965;
	  -0.39461893,0.9175553,0.04866597,0.00197, 0.12781364,0.0023661852,0.99179554,2.434042, 0.909912,0.39760152,-0.1182096,0.049965;
	  -0.41090328,0.9101392,0.05296296,0.00197, 0.13415775,0.0029027462,0.9909557,2.434042, 0.90175396,0.41429234,-0.12329501,0.049965;
	  -0.41090328,0.9101392,0.05296296,0.00197, 0.13415775,0.0029027462,0.9909557,2.434042, 0.90175396,0.41429234,-0.12329501,0.049965;
	  -0.41090328,0.9101392,0.05296296,0.000953, 0.13415775,0.0029027462,0.9909557,2.436897, 0.90175396,0.41429234,-0.12329501,0.035844;
	  -0.42425245,0.9039263,0.05410129,0.000953, 0.13272566,0.0029722452,0.9911483,2.436897, 0.8957643,0.4276777,-0.12123537,0.035844;
	  -0.42425245,0.9039263,0.05410129,0.000953, 0.13272566,0.0029722452,0.9911483,2.436897, 0.8957643,0.4276777,-0.12123537,0.035844;
	  -0.42425245,0.9039263,0.05410129,0.000953, 0.13272566,0.0029722452,0.9911483,2.436897, 0.8957643,0.4276777,-0.12123537,0.035844;
	  -0.43275565,0.89993274,0.053325057,0.000953, 0.12789524,0.002734065,0.9917839,2.436897, 0.89239305,0.43602008,-0.11628032,0.035844;
	  -0.43275565,0.89993274,0.053325057,0.000953, 0.12789524,0.002734065,0.9917839,2.436897, 0.89239305,0.43602008,-0.11628032,0.035844;
	  -0.43275565,0.89993274,0.053325057,0.000108, 0.12789524,0.002734065,0.9917839,2.441443, 0.89239305,0.43602008,-0.11628032,0.018936;
	  -0.43275565,0.89993274,0.053325057,0.000108, 0.12789524,0.002734065,0.9917839,2.441443, 0.89239305,0.43602008,-0.11628032,0.018936;
	  -0.43275565,0.89993274,0.053325057,0.000108, 0.12789524,0.002734065,0.9917839,2.441443, 0.89239305,0.43602008,-0.11628032,0.018936;
	  -0.43275565,0.89993274,0.053325057,0.000108, 0.12789524,0.002734065,0.9917839,2.441443, 0.89239305,0.43602008,-0.11628032,0.018936;
	  -0.43275565,0.89993274,0.053325057,0.000108, 0.12789524,0.002734065,0.9917839,2.441443, 0.89239305,0.43602008,-0.11628032,0.018936;
	  -0.43275565,0.89993274,0.053325057,0.000108, 0.12789524,0.002734065,0.9917839,2.441443, 0.89239305,0.43602008,-0.11628032,0.018936;
	  -0.43275565,0.89993274,0.053325057,0.000108, 0.12789524,0.002734065,0.9917839,2.441443, 0.89239305,0.43602008,-0.11628032,0.018936;
	  -0.43275565,0.89993274,0.053325057,0.000108, 0.12789524,0.002734065,0.9917839,2.441443, 0.89239305,0.43602008,-0.11628032,0.018936;
	  -0.44350815,0.89543957,0.03858152,2.6E-05, 0.08600342,-0.0003297925,0.99629486,2.449085, 0.89213455,0.44518313,-0.07686448,0.002183;
	}
	NAME "Bip01 Pelvis"
	DEFAULT_POSE {1,0,0,0, 0,1,0,0, 0,0,1,0;}
	{
	  4.7683716E-07,1.0000006,-9.834766E-07,-0.0, -0.019363433,1.5497208E-06,0.9998131,0.0, 0.9998131,2.9802322E-08,0.019364,-0.0;
	  -3.5762787E-07,0.99999964,-9.834766E-07,-0.0, -0.019370317,5.9604645E-07,0.999812,0.0, 0.999812,2.9802322E-08,0.01936996,-0.0;
	  -2.3841858E-07,0.99999976,-9.23872E-07,-0.0, -0.02081728,7.1525574E-07,0.99978304,0.0, 0.99978304,8.940697E-08,0.020817041,-0.0;
	  -3.5762787E-07,0.99999964,-1.013279E-06,-0.0, -0.022431403,5.9604645E-07,0.999748,0.0, 0.99974793,-2.9802322E-08,0.022430897,-0.0;
	  -1.7881393E-07,0.9999998,-9.834766E-07,-0.0, -0.0241552,8.34465E-07,0.99970806,0.0, 0.99970806,5.9604645E-08,0.02415502,-0.0;
	  4.7683716E-07,1.0000005,-9.536743E-07,-0.0, -0.025934637,1.4305115E-06,0.99966407,0.0, 0.99966407,2.9802322E-08,0.025934935,-0.0;
	  1.1920929E-07,1.0000001,-1.0430813E-06,-0.0, -0.027714849,1.1920929E-06,0.999616,0.0, 0.999616,-2.9802322E-08,0.027714968,-0.0;
	  4.7683716E-07,1.0000004,-1.013279E-06,-0.0, -0.029438645,1.3113022E-06,0.9995669,0.0, 0.9995669,-2.9802322E-08,0.029438972,-0.0;
	  2.3841858E-07,1.0000001,-1.013279E-06,-0.0, -0.031051755,1.1920929E-06,0.9995179,0.0, 0.9995179,-5.9604645E-08,0.031051874,-0.0;
	  3.5762787E-07,1.0000004,-9.536743E-07,-0.0, -0.03249967,1.3113022E-06,0.9994721,0.0, 0.9994721,0.0,0.03250003,-0.0;
	  -1.1920929E-07,0.99999994,-9.834766E-07,-0.0, -0.033725083,9.536743E-07,0.9994311,0.0, 0.999431,5.9604645E-08,0.033725023,-0.0;
	  3.5762787E-07,1.0000005,-9.23872E-07,-0.0, -0.03467372,1.4305115E-06,0.99939907,0.0, 0.99939907,8.940697E-08,0.034674168,-0.0;
	  -5.9604645E-08,0.9999999,-1.013279E-06,-0.0, -0.035290122,9.536743E-07,0.999377,0.0, 0.99937695,-2.9802322E-08,0.035290003,-0.0;
	  0.0,1.0,-1.0430813E-06,-0.0, -0.035518974,1.0728836E-06,0.999369,0.0, 0.999369,0.0,0.035519004,-0.0;
	  -5.9604645E-08,0.99999976,-1.013279E-06,-0.0, -0.035288185,8.34465E-07,0.999377,0.0, 0.999377,-2.9802322E-08,0.035288095,-0.0;
	  0.0,1.0,-9.536743E-07,-0.0, -0.034607053,9.536743E-07,0.999401,0.0, 0.99940103,2.9802322E-08,0.034607053,-0.0;
	  -5.9604645E-08,0.9999999,-9.536743E-07,-0.0, -0.033547193,8.34465E-07,0.999437,0.0, 0.99943703,2.9802322E-08,0.033547163,-0.0;
	  -5.9604645E-08,0.9999999,-9.536743E-07,-0.0, -0.033547193,8.34465E-07,0.999437,0.0, 0.99943703,2.9802322E-08,0.033547163,-0.0;
	  -4.7683716E-07,0.9999995,-1.0430813E-06,-0.0, -0.030577421,5.9604645E-07,0.9995319,0.0, 0.999532,0.0,0.030576944,-0.0;
	  3.5762787E-07,1.0000005,-9.23872E-07,-0.0, -0.028784543,1.4305115E-06,0.9995861,0.0, 0.9995861,8.940697E-08,0.02878499,-0.0;
	  2.3841858E-07,1.0000004,-9.834766E-07,-0.0, -0.026913673,1.3113022E-06,0.9996381,0.0, 0.9996381,5.9604645E-08,0.026914,-0.0;
	  2.3841858E-07,1.0000004,-9.834766E-07,-0.0, -0.026913673,1.3113022E-06,0.9996381,0.0, 0.9996381,5.9604645E-08,0.026914,-0.0;
	  2.3841858E-07,1.0000004,-9.834766E-07,-0.0, -0.026913673,1.3113022E-06,0.9996381,0.0, 0.9996381,5.9604645E-08,0.026914,-0.0;
	  -2.3841858E-07,0.9999999,-9.23872E-07,-0.0, -0.021343112,8.34465E-07,0.9997721,0.0, 0.9997721,8.940697E-08,0.021342993,-0.0;
	  2.3841858E-07,1.0000002,-9.834766E-07,-0.0, -0.019759744,1.1920929E-06,0.999805,0.0, 0.999805,2.9802322E-08,0.019760013,-0.0;
	  2.3841858E-07,1.0000002,-9.834766E-07,-0.0, -0.019759744,1.1920929E-06,0.999805,0.0, 0.999805,2.9802322E-08,0.019760013,-0.0;
	  -1.1920929E-07,0.9999998,-1.0430813E-06,-0.0, -0.016542137,8.34465E-07,0.999863,0.0, 0.999863,-2.9802322E-08,0.016541958,-0.0;
	  -1.1920929E-07,0.9999998,-1.0430813E-06,-0.0, -0.016542137,8.34465E-07,0.999863,0.0, 0.999863,-2.9802322E-08,0.016541958,-0.0;
	  4.7683716E-07,1.0000005,-9.834766E-07,-0.0, -0.012998521,1.5497208E-06,0.9999161,0.0, 0.9999161,2.9802322E-08,0.012999058,-0.0;
	  -4.172325E-07,0.99999964,-9.23872E-07,-0.0, -0.011188358,5.9604645E-07,0.99993706,0.0, 0.99993706,8.940697E-08,0.01118803,-0.0;
	  4.7683716E-07,1.0000005,-9.834766E-07,-0.0, -0.009427547,1.4305115E-06,0.999956,0.0, 0.999956,2.9802322E-08,0.009428024,-0.0;
	  4.7683716E-07,1.0000005,-9.834766E-07,-0.0, -0.009427547,1.4305115E-06,0.999956,0.0, 0.999956,2.9802322E-08,0.009428024,-0.0;
	  4.7683716E-07,1.0000005,-9.834766E-07,-0.0, -0.009427547,1.4305115E-06,0.999956,0.0, 0.999956,2.9802322E-08,0.009428024,-0.0;
	  4.7683716E-07,1.0000005,-9.834766E-07,-0.0, -0.009427547,1.4305115E-06,0.999956,0.0, 0.999956,2.9802322E-08,0.009428024,-0.0;
	  -2.9802322E-07,0.99999976,-9.834766E-07,-0.0, -0.0033712685,7.1525574E-07,0.99999404,0.0, 0.99999404,2.9802322E-08,0.0033710003,-0.0;
	  -2.9802322E-07,0.99999976,-9.834766E-07,-0.0, -0.0033712685,7.1525574E-07,0.99999404,0.0, 0.99999404,2.9802322E-08,0.0033710003,-0.0;
	  -2.9802322E-07,0.99999976,-9.834766E-07,-0.0, -0.0033712685,7.1525574E-07,0.99999404,0.0, 0.99999404,2.9802322E-08,0.0033710003,-0.0;
	  4.7683716E-07,1.0000005,-9.536743E-07,-0.0, -0.0009355545,1.4305115E-06,1.0,0.0, 1.0,0.0,0.00093603134,-0.0;
	  4.7683716E-07,1.0000005,-9.536743E-07,-0.0, -0.0009355545,1.4305115E-06,1.0,0.0, 1.0,0.0,0.00093603134,-0.0;
	  4.7683716E-07,1.0000005,-9.536743E-07,-0.0, -0.0009355545,1.4305115E-06,1.0,0.0, 1.0,0.0,0.00093603134,-0.0;
	  1.1920929E-07,1.0000001,-1.013279E-06,-0.0, -0.00054088235,1.0728836E-06,0.99999994,0.0, 0.99999994,-5.9604645E-08,0.00054097176,-0.0;
	  2.3841858E-07,1.0000002,-8.940697E-07,-0.0, -0.00073069334,1.1920929E-06,1.0,0.0, 1.0,5.9604645E-08,0.00073099136,-0.0;
	  -5.364418E-07,0.9999995,-9.23872E-07,-0.0, -0.0010324419,4.7683716E-07,0.99999905,0.0, 0.99999905,8.940697E-08,0.0010319948,-0.0;
	  -5.364418E-07,0.9999995,-9.23872E-07,-0.0, -0.0010324419,4.7683716E-07,0.99999905,0.0, 0.99999905,8.940697E-08,0.0010319948,-0.0;
	  -5.364418E-07,0.9999995,-9.23872E-07,-0.0, -0.0010324419,4.7683716E-07,0.99999905,0.0, 0.99999905,8.940697E-08,0.0010319948,-0.0;
	  -5.364418E-07,0.9999995,-9.23872E-07,-0.0, -0.0010324419,4.7683716E-07,0.99999905,0.0, 0.99999905,8.940697E-08,0.0010319948,-0.0;
	  -5.364418E-07,0.9999995,-9.23872E-07,-0.0, -0.0010324419,4.7683716E-07,0.99999905,0.0, 0.99999905,8.940697E-08,0.0010319948,-0.0;
	  -5.364418E-07,0.9999995,-9.23872E-07,-0.0, -0.0010324419,4.7683716E-07,0.99999905,0.0, 0.99999905,8.940697E-08,0.0010319948,-0.0;
	  -5.364418E-07,0.9999995,-9.23872E-07,-0.0, -0.0010324419,4.7683716E-07,0.99999905,0.0, 0.99999905,8.940697E-08,0.0010319948,-0.0;
	  -5.364418E-07,0.9999995,-9.23872E-07,-0.0, -0.0010324419,4.7683716E-07,0.99999905,0.0, 0.99999905,8.940697E-08,0.0010319948,-0.0;
	  3.5762787E-07,1.0000004,-9.834766E-07,-0.0, -0.004094571,1.4305115E-06,0.999992,0.0, 0.999992,2.9802322E-08,0.0040949583,-0.0;
	  -2.3841858E-07,0.99999976,-1.0430813E-06,-0.0, -0.004417211,7.1525574E-07,0.99999,0.0, 0.99999,-2.9802322E-08,0.0044169426,-0.0;
	  3.5762787E-07,1.0000002,-9.834766E-07,-0.0, -0.004763663,1.3113022E-06,0.99998903,0.0, 0.99998903,2.9802322E-08,0.00476408,-0.0;
	  3.5762787E-07,1.0000002,-9.834766E-07,-0.0, -0.004763663,1.3113022E-06,0.99998903,0.0, 0.99998903,2.9802322E-08,0.00476408,-0.0;
	  3.5762787E-07,1.0000004,-9.834766E-07,-0.0, -0.0055366755,1.3113022E-06,0.999985,0.0, 0.999985,2.9802322E-08,0.005537033,-0.0;
	  -1.1920929E-07,0.9999999,-1.0430813E-06,-0.0, -0.0059810877,9.536743E-07,0.999982,0.0, 0.999982,-2.9802322E-08,0.0059809685,-0.0;
	  0.0,1.0,-9.834766E-07,-0.0, -0.006472081,9.536743E-07,0.999979,0.0, 0.999979,2.9802322E-08,0.0064721107,-0.0;
	  -3.5762787E-07,1.0000001,-1.4603138E-06,-0.0, -0.0070109367,1.5497208E-06,0.99997556,0.0, 0.99997556,5.066395E-07,0.007011056,-0.0;
	  -1.1920929E-07,0.9999999,-1.0430813E-06,-0.0, -0.0076020956,9.536743E-07,0.99997103,0.0, 0.99997103,-2.9802322E-08,0.0076019764,-0.0;
	  -1.1920929E-07,0.9999999,-1.0430813E-06,-0.0, -0.0076020956,9.536743E-07,0.99997103,0.0, 0.99997103,-2.9802322E-08,0.0076019764,-0.0;
	  4.7683716E-07,1.0000005,-1.0430813E-06,-0.0, -0.008990586,1.4305115E-06,0.99995995,0.0, 0.99995995,-2.9802322E-08,0.008991003,-0.0;
	  4.7683716E-07,1.0000005,-1.0430813E-06,-0.0, -0.008990586,1.4305115E-06,0.99995995,0.0, 0.99995995,-2.9802322E-08,0.008991003,-0.0;
	  4.7683716E-07,1.0000005,-1.0430813E-06,-0.0, -0.008990586,1.4305115E-06,0.99995995,0.0, 0.99995995,-2.9802322E-08,0.008991003,-0.0;
	  -4.172325E-07,0.9999995,-1.0430813E-06,-0.0, -0.011541456,5.9604645E-07,0.9999329,0.0, 0.9999329,-2.9802322E-08,0.011541009,-0.0;
	  -5.9604645E-08,0.9999999,-1.0430813E-06,-0.0, -0.012485117,9.536743E-07,0.9999219,0.0, 0.9999219,-2.9802322E-08,0.012485027,-0.0;
	  -3.5762787E-07,0.9999995,-1.1026859E-06,-0.0, -0.013464421,5.9604645E-07,0.99990886,0.0, 0.9999089,-5.9604645E-08,0.013463974,-0.0;
	  -4.7683716E-07,1.0,-1.4305115E-06,-0.0, -0.014455974,1.4305115E-06,0.9998956,0.0, 0.9998956,5.9604645E-07,0.014456034,-0.0;
	  -4.7683716E-07,1.0,-1.4305115E-06,-0.0, -0.014455974,1.4305115E-06,0.9998956,0.0, 0.9998956,5.9604645E-07,0.014456034,-0.0;
	  -4.7683716E-07,1.0,-1.5199184E-06,-0.0, -0.016461045,1.4305115E-06,0.99986446,0.0, 0.99986446,4.7683716E-07,0.016461015,-0.0;
	  2.3841858E-07,1.0000002,-1.0430813E-06,-0.0, -0.017446786,1.1920929E-06,0.999848,0.0, 0.999848,-2.9802322E-08,0.017446995,-0.0;
	  -2.3841858E-07,0.99999964,-1.0430813E-06,0.0, -0.018420309,7.1525574E-07,0.99983,-0.0, 0.99983,-2.9802322E-08,0.018419981,-0.0;
	}
	NAME "Bip01 Spine"
	DEFAULT_POSE {1,0,0,0, 0,1,0,0, 0,0,1,0;}
	{
	  0.9993237,-0.027781915,0.024075767,0.169602, 0.02987009,0.9953821,-0.09122327,0.0244, -0.021430237,0.09188075,0.99553907,0.003273;
	  0.99932384,-0.027781896,0.02407579,0.169602, 0.029870108,0.9953821,-0.09122476,0.0244, -0.021430215,0.091882244,0.99553907,0.003273;
	  0.9993248,-0.027751962,0.024073347,0.169602, 0.029850038,0.9953401,-0.091688156,0.0244, -0.021416645,0.09234485,0.99549663,0.003273;
	  0.9993248,-0.027751962,0.024073347,0.169602, 0.029850038,0.9953401,-0.091688156,0.0244, -0.021416645,0.09234485,0.99549663,0.003273;
	  0.9993248,-0.027751962,0.024073347,0.169602, 0.029850038,0.9953401,-0.091688156,0.0244, -0.021416645,0.09234485,0.99549663,0.003273;
	  0.9993248,-0.027751962,0.024073347,0.169602, 0.029850038,0.9953401,-0.091688156,0.0244, -0.021416645,0.09234485,0.99549663,0.003273;
	  0.9993248,-0.027751962,0.024073347,0.169602, 0.029850038,0.9953401,-0.091688156,0.0244, -0.021416645,0.09234485,0.99549663,0.003273;
	  0.9993248,-0.027751962,0.024073347,0.169602, 0.029850038,0.9953401,-0.091688156,0.0244, -0.021416645,0.09234485,0.99549663,0.003273;
	  0.9993248,-0.027751962,0.024073347,0.169602, 0.029850038,0.9953401,-0.091688156,0.0244, -0.021416645,0.09234485,0.99549663,0.003273;
	  0.9993248,-0.027751962,0.024073347,0.169602, 0.029850038,0.9953401,-0.091688156,0.0244, -0.021416645,0.09234485,0.99549663,0.003273;
	  0.9993248,-0.027751962,0.024073347,0.169602, 0.029850038,0.9953401,-0.091688156,0.0244, -0.021416645,0.09234485,0.99549663,0.003273;
	  0.9993248,-0.027751962,0.024073347,0.169602, 0.029850038,0.9953401,-0.091688156,0.0244, -0.021416645,0.09234485,0.99549663,0.003273;
	  0.9993248,-0.027751962,0.024073347,0.169602, 0.029850038,0.9953401,-0.091688156,0.0244, -0.021416645,0.09234485,0.99549663,0.003273;
	  0.9993248,-0.027751962,0.024073347,0.169527, 0.029850038,0.9953401,-0.091688156,0.0244, -0.021416645,0.09234485,0.99549663,0.006013;
	  0.9993248,-0.027751962,0.024073347,0.169527, 0.029850038,0.9953401,-0.091688156,0.0244, -0.021416645,0.09234485,0.99549663,0.006013;
	  0.9993248,-0.027751962,0.024073347,0.169527, 0.029850038,0.9953401,-0.091688156,0.0244, -0.021416645,0.09234485,0.99549663,0.006013;
	  0.9993248,-0.027751962,0.024073347,0.169527, 0.029850038,0.9953401,-0.091688156,0.0244, -0.021416645,0.09234485,0.99549663,0.006013;
	  0.9993248,-0.027751962,0.024073347,0.169527, 0.029850038,0.9953401,-0.091688156,0.0244, -0.021416645,0.09234485,0.99549663,0.006013;
	  0.9993248,-0.027751962,0.024073347,0.169527, 0.029850038,0.9953401,-0.091688156,0.0244, -0.021416645,0.09234485,0.99549663,0.006013;
	  0.9993248,-0.027751962,0.024073347,0.169527, 0.029850038,0.9953401,-0.091688156,0.0244, -0.021416645,0.09234485,0.99549663,0.006013;
	  0.9993248,-0.027751962,0.024073347,0.169527, 0.029850038,0.9953401,-0.091688156,0.0244, -0.021416645,0.09234485,0.99549663,0.006013;
	  0.9993248,-0.027751962,0.024073347,0.169527, 0.029850038,0.9953401,-0.091688156,0.0244, -0.021416645,0.09234485,0.99549663,0.006013;
	  0.9993372,-0.027355168,0.024034934,0.169527, 0.02959783,0.9946941,-0.09853099,0.0244, -0.021212066,0.09917703,0.9948441,0.006013;
	  0.9993373,-0.02734901,0.02403502,0.169527, 0.02959299,0.9946883,-0.09859105,0.0244, -0.021210978,0.09923694,0.994838,0.006013;
	  0.9993373,-0.027344774,0.02403418,0.169527, 0.029589225,0.99468577,-0.0986161,0.0244, -0.021209817,0.09926189,0.9948355,0.006013;
	  0.9993373,-0.027344774,0.02403418,0.169527, 0.029589225,0.99468577,-0.0986161,0.0244, -0.021209817,0.09926189,0.9948355,0.006013;
	  0.9993373,-0.027342003,0.024033746,0.169527, 0.029585995,0.9946877,-0.09859614,0.0244, -0.021210255,0.09924185,0.9948374,0.006013;
	  0.9993373,-0.027341915,0.024034139,0.169527, 0.029585084,0.99469185,-0.09855564,0.0244, -0.021211859,0.09920137,0.99484146,0.006013;
	  0.9993373,-0.027344089,0.024034303,0.169527, 0.02958591,0.99469817,-0.09849209,0.0244, -0.021213695,0.09913788,0.9948478,0.006013;
	  0.9993373,-0.027344089,0.024034303,0.169527, 0.02958591,0.99469817,-0.09849209,0.0244, -0.021213695,0.09913788,0.9948478,0.006013;
	  0.9993373,-0.027344089,0.024034303,0.169527, 0.02958591,0.99469817,-0.09849209,0.0244, -0.021213695,0.09913788,0.9948478,0.006013;
	  0.9993373,-0.027344089,0.024034303,0.169527, 0.02958591,0.99469817,-0.09849209,0.0244, -0.021213695,0.09913788,0.9948478,0.006013;
	  0.9993373,-0.027344089,0.024034303,0.169527, 0.02958591,0.99469817,-0.09849209,0.0244, -0.021213695,0.09913788,0.9948478,0.006013;
	  0.9993373,-0.027344089,0.024034303,0.169527, 0.02958591,0.99469817,-0.09849209,0.0244, -0.021213695,0.09913788,0.9948478,0.006013;
	  0.9993373,-0.027344089,0.024034303,0.169527, 0.02958591,0.99469817,-0.09849209,0.0244, -0.021213695,0.09913788,0.9948478,0.006013;
	  0.9993373,-0.027344089,0.024034303,0.169527, 0.02958591,0.99469817,-0.09849209,0.0244, -0.021213695,0.09913788,0.9948478,0.006013;
	  0.9993373,-0.027344089,0.024034303,0.169527, 0.02958591,0.99469817,-0.09849209,0.0244, -0.021213695,0.09913788,0.9948478,0.006013;
	  0.9993373,-0.027344089,0.024034303,0.169527, 0.02958591,0.99469817,-0.09849209,0.0244, -0.021213695,0.09913788,0.9948478,0.006013;
	  0.9993373,-0.027344089,0.024034303,0.169527, 0.02958591,0.99469817,-0.09849209,0.0244, -0.021213695,0.09913788,0.9948478,0.006013;
	  0.9993373,-0.027344089,0.024034303,0.169527, 0.02958591,0.99469817,-0.09849209,0.0244, -0.021213695,0.09913788,0.9948478,0.006013;
	  0.9993373,-0.027344089,0.024034303,0.169634, 0.02958591,0.99469817,-0.09849209,0.0244, -0.021213695,0.09913788,0.9948478,8E-05;
	  0.9993373,-0.027344089,0.024034303,0.169634, 0.02958591,0.99469817,-0.09849209,0.0244, -0.021213695,0.09913788,0.9948478,8E-05;
	  0.9993373,-0.027344089,0.024034303,0.169634, 0.02958591,0.99469817,-0.09849209,0.0244, -0.021213695,0.09913788,0.9948478,8E-05;
	  0.9993373,-0.027344089,0.024034303,0.169634, 0.02958591,0.99469817,-0.09849209,0.0244, -0.021213695,0.09913788,0.9948478,8E-05;
	  0.9993373,-0.027344089,0.024034303,0.169634, 0.02958591,0.99469817,-0.09849209,0.0244, -0.021213695,0.09913788,0.9948478,8E-05;
	  0.9993373,-0.027344089,0.024034303,0.169633, 0.02958591,0.99469817,-0.09849209,0.0244, -0.021213695,0.09913788,0.9948478,0.000379;
	  0.9993373,-0.027344089,0.024034303,0.169634, 0.02958591,0.99469817,-0.09849209,0.0244, -0.021213695,0.09913788,0.9948478,0.000454;
	  0.9993373,-0.027344089,0.024034303,0.169634, 0.02958591,0.99469817,-0.09849209,0.0244, -0.021213695,0.09913788,0.9948478,0.000454;
	  0.9993373,-0.027344089,0.024034303,0.169634, 0.02958591,0.99469817,-0.09849209,0.0244, -0.021213695,0.09913788,0.9948478,0.000454;
	  0.9993373,-0.027344089,0.024034303,0.169634, 0.02958591,0.99469817,-0.09849209,0.0244, -0.021213695,0.09913788,0.9948478,0.000454;
	  0.9993373,-0.027344089,0.024034303,0.169634, 0.02958591,0.99469817,-0.09849209,0.0244, -0.021213695,0.09913788,0.9948478,0.000454;
	  0.9993373,-0.027344089,0.024034303,0.169634, 0.02958591,0.99469817,-0.09849209,0.0244, -0.021213695,0.09913788,0.9948478,0.000454;
	  0.9993373,-0.027344089,0.024034303,0.169634, 0.02958591,0.99469817,-0.09849209,0.0244, -0.021213695,0.09913788,0.9948478,0.000454;
	  0.9993373,-0.027344089,0.024034303,0.169634, 0.02958591,0.99469817,-0.09849209,0.0244, -0.021213695,0.09913788,0.9948478,0.000454;
	  0.9993191,-0.02795927,0.024092052,0.169634, 0.029989729,0.9956242,-0.088509895,0.0244, -0.021511946,0.0891721,0.9957843,0.000454;
	  0.99931836,-0.027965154,0.024092097,0.169634, 0.029993847,0.9956306,-0.088428825,0.0244, -0.02151391,0.08909118,0.99579096,0.000454;
	  0.99931824,-0.027968612,0.024093064,0.169634, 0.029996391,0.99563456,-0.088383265,0.0244, -0.021515934,0.089045726,0.9957949,0.000454;
	  0.999318,-0.027969753,0.024092926,0.169634, 0.029997246,0.9956355,-0.08837075,0.0244, -0.021516072,0.08903324,0.99579597,0.000454;
	  0.99931824,-0.027969047,0.024093168,0.169634, 0.029996954,0.9956341,-0.088388756,0.0244, -0.021515833,0.08905123,0.9957944,0.000454;
	  0.99931824,-0.027969047,0.024093168,0.169634, 0.029996954,0.9956341,-0.088388756,0.0244, -0.021515833,0.08905123,0.9957944,0.000454;
	  0.99931824,-0.027969047,0.024093168,0.169634, 0.029996954,0.9956341,-0.088388756,0.0244, -0.021515833,0.08905123,0.9957944,0.000454;
	  0.99931824,-0.027969047,0.024093168,0.169634, 0.029996954,0.9956341,-0.088388756,0.0244, -0.021515833,0.08905123,0.9957944,0.000454;
	  0.99931824,-0.027969047,0.024093168,0.169634, 0.029996954,0.9956341,-0.088388756,0.0244, -0.021515833,0.08905123,0.9957944,0.000454;
	  0.99931824,-0.027969047,0.024093168,0.169634, 0.029996954,0.9956341,-0.088388756,0.0244, -0.021515833,0.08905123,0.9957944,0.000454;
	  0.99931824,-0.027969047,0.024093168,0.169634, 0.029996954,0.9956341,-0.088388756,0.0244, -0.021515833,0.08905123,0.9957944,0.000454;
	  0.99931824,-0.027969047,0.024093168,0.169634, 0.029996954,0.9956341,-0.088388756,0.0244, -0.021515833,0.08905123,0.9957944,0.000454;
	  0.99931824,-0.027969047,0.024093168,0.169634, 0.029996954,0.9956341,-0.088388756,0.0244, -0.021515833,0.08905123,0.9957944,0.000454;
	  0.99931824,-0.027969047,0.024093168,0.169634, 0.029996954,0.9956341,-0.088388756,0.0244, -0.021515833,0.08905123,0.9957944,0.000454;
	  0.99931824,-0.027969047,0.024093168,0.169634, 0.029996954,0.9956341,-0.088388756,0.0244, -0.021515833,0.08905123,0.9957944,0.000454;
	  0.99931824,-0.027969047,0.024093168,0.169634, 0.029996954,0.9956341,-0.088388756,0.0244, -0.021515833,0.08905123,0.9957944,0.000454;
	  0.9993242,-0.027797025,0.02407727,0.169605, 0.029879976,0.9954053,-0.09097706,0.0244, -0.021437734,0.091634944,0.99556255,0.003113;
	}
	NAME "Bip01 Spine1"
	DEFAULT_POSE {1,0,0,0, 0,1,0,0, 0,0,1,0;}
	{
	  0.9839921,0.17785904,0.011265088,0.158652, -0.17696196,0.98260117,-0.05639767,-0.000196, -0.021099914,0.053501338,0.9983455,-1.1E-05;
	  0.9839879,0.17787507,0.011282242,0.158651, -0.17697692,0.982597,-0.056403905,-0.000197, -0.021118753,0.053504094,0.9983438,-1.1E-05;
	  0.9844326,0.1753582,0.011883213,0.158652, -0.17438981,0.98294795,-0.058316063,-0.000197, -0.021906786,0.055335943,0.998227,-1.1E-05;
	  0.9844326,0.1753582,0.011883213,0.158652, -0.17438981,0.98294795,-0.058316063,-0.000197, -0.021906786,0.055335943,0.998227,-1.1E-05;
	  0.9844326,0.1753582,0.011883213,0.158652, -0.17438981,0.98294795,-0.058316063,-0.000197, -0.021906786,0.055335943,0.998227,-1.1E-05;
	  0.9844326,0.1753582,0.011883213,0.158652, -0.17438981,0.98294795,-0.058316063,-0.000197, -0.021906786,0.055335943,0.998227,-1.1E-05;
	  0.9844326,0.1753582,0.011883213,0.158652, -0.17438981,0.98294795,-0.058316063,-0.000197, -0.021906786,0.055335943,0.998227,-1.1E-05;
	  0.9844326,0.1753582,0.011883213,0.158652, -0.17438981,0.98294795,-0.058316063,-0.000197, -0.021906786,0.055335943,0.998227,-1.1E-05;
	  0.9844326,0.1753582,0.011883213,0.158652, -0.17438981,0.98294795,-0.058316063,-0.000197, -0.021906786,0.055335943,0.998227,-1.1E-05;
	  0.9844326,0.1753582,0.011883213,0.158652, -0.17438981,0.98294795,-0.058316063,-0.000197, -0.021906786,0.055335943,0.998227,-1.1E-05;
	  0.9844326,0.1753582,0.011883213,0.158652, -0.17438981,0.98294795,-0.058316063,-0.000197, -0.021906786,0.055335943,0.998227,-1.1E-05;
	  0.9844326,0.1753582,0.011883213,0.158652, -0.17438981,0.98294795,-0.058316063,-0.000197, -0.021906786,0.055335943,0.998227,-1.1E-05;
	  0.98848987,0.15019216,0.01816313,0.158657, -0.14837785,0.98590183,-0.07733958,-0.000197, -0.029522866,0.07375439,0.99683917,-1.5E-05;
	  0.98848987,0.15019216,0.01816313,0.158657, -0.14837785,0.98590183,-0.07733958,-0.000197, -0.029522866,0.07375439,0.99683917,-1.5E-05;
	  0.9886302,0.14914913,0.019121705,0.158657, -0.14722587,0.98596907,-0.078678906,-0.000197, -0.03058829,0.0749691,0.996717,-1.5E-05;
	  0.98852396,0.14976774,0.019754283,0.158657, -0.14779125,0.9858736,-0.07881198,-0.000197, -0.031278715,0.074988015,0.99669385,-1.5E-05;
	  0.98832166,0.1510038,0.020450972,0.158657, -0.1489772,0.9857085,-0.078642584,-0.000197, -0.032034025,0.07467743,0.99669313,-1.5E-05;
	  0.98832166,0.1510038,0.020450972,0.158657, -0.1489772,0.9857085,-0.078642584,-0.000197, -0.032034025,0.07467743,0.99669313,-1.5E-05;
	  0.98832166,0.1510038,0.020450972,0.158657, -0.1489772,0.9857085,-0.078642584,-0.000197, -0.032034025,0.07467743,0.99669313,-1.5E-05;
	  0.98832166,0.1510038,0.020450972,0.158657, -0.1489772,0.9857085,-0.078642584,-0.000197, -0.032034025,0.07467743,0.99669313,-1.5E-05;
	  0.98832166,0.1510038,0.020450972,0.158657, -0.1489772,0.9857085,-0.078642584,-0.000197, -0.032034025,0.07467743,0.99669313,-1.5E-05;
	  0.98671556,0.16087022,0.022663163,0.158657, -0.15878278,0.9844669,-0.07492191,-0.000197, -0.034363832,0.07032808,0.996932,-1.5E-05;
	  0.98671556,0.16087022,0.022663163,0.158657, -0.15878278,0.9844669,-0.07492191,-0.000197, -0.034363832,0.07032808,0.996932,-1.5E-05;
	  0.98671556,0.16087022,0.022663163,0.158657, -0.15878278,0.9844669,-0.07492191,-0.000197, -0.034363832,0.07032808,0.996932,-1.5E-05;
	  0.98671556,0.16087022,0.022663163,0.158657, -0.15878278,0.9844669,-0.07492191,-0.000197, -0.034363832,0.07032808,0.996932,-1.5E-05;
	  0.98671556,0.16087022,0.022663163,0.158657, -0.15878278,0.9844669,-0.07492191,-0.000197, -0.034363832,0.07032808,0.996932,-1.5E-05;
	  0.9862733,0.1642287,0.01713604,0.158657, -0.16266032,0.98418057,-0.07021307,-0.000197, -0.02839596,0.06646193,0.99738467,-1.5E-05;
	  0.9862733,0.1642287,0.01713604,0.158657, -0.16266032,0.98418057,-0.07021307,-0.000197, -0.02839596,0.06646193,0.99738467,-1.5E-05;
	  0.9863566,0.16416737,0.012205781,0.158657, -0.16297862,0.9842768,-0.068091124,-0.000197, -0.023192218,0.06517288,0.99760413,-1.5E-05;
	  0.9863566,0.16416737,0.012205781,0.158657, -0.16297862,0.9842768,-0.068091124,-0.000197, -0.023192218,0.06517288,0.99760413,-1.5E-05;
	  0.9863566,0.16416737,0.012205781,0.158654, -0.16297862,0.9842768,-0.068091124,-0.000197, -0.023192218,0.06517288,0.99760413,-1.3E-05;
	  0.9863566,0.16416737,0.012205781,0.158654, -0.16297862,0.9842768,-0.068091124,-0.000197, -0.023192218,0.06517288,0.99760413,-1.3E-05;
	  0.9869113,0.16126391,-2.9198825E-05,0.158654, -0.16094106,0.98492396,-0.063423716,-0.000197, -0.010199198,0.06259828,0.9979867,-1.3E-05;
	  0.9869113,0.16126391,-2.9198825E-05,0.158654, -0.16094106,0.98492396,-0.063423716,-0.000197, -0.010199198,0.06259828,0.9979867,-1.3E-05;
	  0.9869113,0.16126391,-2.9198825E-05,0.158654, -0.16094106,0.98492396,-0.063423716,-0.000197, -0.010199198,0.06259828,0.9979867,-1.3E-05;
	  0.9869113,0.16126391,-2.9198825E-05,0.158654, -0.16094106,0.98492396,-0.063423716,-0.000197, -0.010199198,0.06259828,0.9979867,-1.3E-05;
	  0.98841393,0.15127435,-0.012423428,0.158654, -0.15174666,0.98666394,-0.058887538,-0.000197, 0.0033495724,0.060090464,0.99818754,-1.3E-05;
	  0.98841393,0.15127435,-0.012423428,0.158654, -0.15174666,0.98666394,-0.058887538,-0.000197, 0.0033495724,0.060090464,0.99818754,-1.3E-05;
	  0.9899126,0.14042649,-0.018805249,0.158654, -0.14128155,0.9883424,-0.05673625,-0.000197, 0.010618752,0.058820758,0.9982122,-1.3E-05;
	  0.9899126,0.14042649,-0.018805249,0.158654, -0.14128155,0.9883424,-0.05673625,-0.000197, 0.010618752,0.058820758,0.9982122,-1.3E-05;
	  0.9899126,0.14042649,-0.018805249,0.158654, -0.14128155,0.9883424,-0.05673625,-0.000197, 0.010618752,0.058820758,0.9982122,-1.3E-05;
	  0.9899126,0.14042649,-0.018805249,0.158654, -0.14128155,0.9883424,-0.05673625,-0.000197, 0.010618752,0.058820758,0.9982122,-1.3E-05;
	  0.9899126,0.14042649,-0.018805249,0.158654, -0.14128155,0.9883424,-0.05673625,-0.000197, 0.010618752,0.058820758,0.9982122,-1.3E-05;
	  0.9899126,0.14042649,-0.018805249,0.158654, -0.14128155,0.9883424,-0.05673625,-0.000197, 0.010618752,0.058820758,0.9982122,-1.3E-05;
	  0.9950279,0.09122984,-0.039962888,0.158654, -0.09321116,0.99434507,-0.05089103,-0.000197, 0.035094112,0.05436297,0.99790454,-1.3E-05;
	  0.9950279,0.09122984,-0.039962888,0.158654, -0.09321116,0.99434507,-0.05089103,-0.000197, 0.035094112,0.05436297,0.99790454,-1.3E-05;
	  0.99585354,0.07911582,-0.04489814,0.158654, -0.08131218,0.99546313,-0.049403533,-0.000197, 0.04078586,0.052849464,0.9977689,-1.3E-05;
	  0.99585354,0.07911582,-0.04489814,0.158654, -0.08131218,0.99546313,-0.049403533,-0.000197, 0.04078586,0.052849464,0.9977689,-1.3E-05;
	  0.99612,0.074215986,-0.04730189,0.158672, -0.07648701,0.99590707,-0.048158947,-0.000199, 0.043534115,0.05159006,0.9977193,-1E-05;
	  0.99612,0.074215986,-0.04730189,0.158672, -0.07648701,0.99590707,-0.048158947,-0.000199, 0.043534115,0.05159006,0.9977193,-1E-05;
	  0.99579024,0.079032734,-0.04642975,0.158672, -0.08120926,0.9955871,-0.04702623,-0.000199, 0.04250825,0.05059878,0.99781406,-1E-05;
	  0.99579024,0.079032734,-0.04642975,0.158672, -0.08120926,0.9955871,-0.04702623,-0.000199, 0.04250825,0.05059878,0.99781406,-1E-05;
	  0.9948565,0.09184476,-0.042717274,0.158672, -0.09378923,0.99452925,-0.04598906,-0.000199, 0.038259726,0.04975894,0.99802804,-1E-05;
	  0.9948565,0.09184476,-0.042717274,0.158672, -0.09378923,0.99452925,-0.04598906,-0.000199, 0.038259726,0.04975894,0.99802804,-1E-05;
	  0.9948565,0.09184476,-0.042717274,0.158672, -0.09378923,0.99452925,-0.04598906,-0.000199, 0.038259726,0.04975894,0.99802804,-1E-05;
	  0.9948565,0.09184476,-0.042717274,0.158672, -0.09378923,0.99452925,-0.04598906,-0.000199, 0.038259726,0.04975894,0.99802804,-1E-05;
	  0.9914398,0.12688087,-0.030772949,0.158672, -0.12818514,0.9907305,-0.04494503,-0.000199, 0.024785055,0.048504964,0.99851465,-1E-05;
	  0.9914398,0.12688087,-0.030772949,0.158672, -0.12818514,0.9907305,-0.04494503,-0.000199, 0.024785055,0.048504964,0.99851465,-1E-05;
	  0.9895667,0.14197007,-0.024553377,0.158672, -0.14296594,0.9886968,-0.045165975,-0.000199, 0.017863624,0.04820503,0.99867797,-1E-05;
	  0.9895667,0.14197007,-0.024553377,0.158672, -0.14296594,0.9886968,-0.045165975,-0.000199, 0.017863624,0.04820503,0.99867797,-1E-05;
	  0.9895667,0.14197007,-0.024553377,0.158672, -0.14296594,0.9886968,-0.045165975,-0.000199, 0.017863624,0.04820503,0.99867797,-1E-05;
	  0.9895667,0.14197007,-0.024553377,0.158672, -0.14296594,0.9886968,-0.045165975,-0.000199, 0.017863624,0.04820503,0.99867797,-1E-05;
	  0.9872922,0.15831172,-0.01386413,0.158672, -0.15879723,0.9861779,-0.047296733,-0.000199, 0.00618487,0.048897266,0.9987849,-1E-05;
	  0.9872922,0.15831172,-0.01386413,0.158672, -0.15879723,0.9861779,-0.047296733,-0.000199, 0.00618487,0.048897266,0.9987849,-1E-05;
	  0.9872922,0.15831172,-0.01386413,0.158672, -0.15879723,0.9861779,-0.047296733,-0.000199, 0.00618487,0.048897266,0.9987849,-1E-05;
	  0.9872922,0.15831172,-0.01386413,0.158672, -0.15879723,0.9861779,-0.047296733,-0.000199, 0.00618487,0.048897266,0.9987849,-1E-05;
	  0.9872922,0.15831172,-0.01386413,0.158672, -0.15879723,0.9861779,-0.047296733,-0.000199, 0.00618487,0.048897266,0.9987849,-1E-05;
	  0.9872922,0.15831172,-0.01386413,0.158672, -0.15879723,0.9861779,-0.047296733,-0.000199, 0.00618487,0.048897266,0.9987849,-1E-05;
	  0.9872922,0.15831172,-0.01386413,0.158672, -0.15879723,0.9861779,-0.047296733,-0.000199, 0.00618487,0.048897266,0.9987849,-1E-05;
	  0.9872922,0.15831172,-0.01386413,0.158672, -0.15879723,0.9861779,-0.047296733,-0.000199, 0.00618487,0.048897266,0.9987849,-1E-05;
	  0.9844477,0.17547116,0.008505197,0.158652, -0.17474383,0.9830532,-0.05541503,-0.000197, -0.018084802,0.053066973,0.99842703,-1.1E-05;
	}
	NAME "Bip01 Spine2"
	DEFAULT_POSE {1,0,0,0, 0,1,0,0, 0,0,1,0;}
	{
	  0.99540424,-0.09474304,-0.013929818,0.251198, 0.09364398,0.99346066,-0.065318316,-0.000328, 0.020027183,0.063713685,0.9977671,-2.1E-05;
	  0.99540496,-0.09473439,-0.013953083,0.251198, 0.093633614,0.99346113,-0.06533085,-0.000328, 0.02005092,0.06372416,0.99776626,-2.1E-05;
	  0.9959761,-0.08824226,-0.015644295,0.251198, 0.086995736,0.9939065,-0.06768567,-0.000328, 0.021521704,0.066052325,0.99758387,-2.1E-05;
	  0.9959761,-0.08824226,-0.015644295,0.251198, 0.086995736,0.9939065,-0.06768567,-0.000328, 0.021521704,0.066052325,0.99758387,-2.1E-05;
	  0.9959761,-0.08824226,-0.015644295,0.251198, 0.086995736,0.9939065,-0.06768567,-0.000328, 0.021521704,0.066052325,0.99758387,-2.1E-05;
	  0.9959761,-0.08824226,-0.015644295,0.251198, 0.086995736,0.9939065,-0.06768567,-0.000328, 0.021521704,0.066052325,0.99758387,-2.1E-05;
	  0.9959761,-0.08824226,-0.015644295,0.251198, 0.086995736,0.9939065,-0.06768567,-0.000328, 0.021521704,0.066052325,0.99758387,-2.1E-05;
	  0.9959761,-0.08824226,-0.015644295,0.251198, 0.086995736,0.9939065,-0.06768567,-0.000328, 0.021521704,0.066052325,0.99758387,-2.1E-05;
	  0.9959761,-0.08824226,-0.015644295,0.251198, 0.086995736,0.9939065,-0.06768567,-0.000328, 0.021521704,0.066052325,0.99758387,-2.1E-05;
	  0.9959761,-0.08824226,-0.015644295,0.251198, 0.086995736,0.9939065,-0.06768567,-0.000328, 0.021521704,0.066052325,0.99758387,-2.1E-05;
