SE_ANIM 0.1;

SEC_PER_FRAME 0.033333;
FRAMES 28;
ANIM_ID "besurel_walk";

BONEENVELOPES 80
{
	NAME "Bip01"
	DEFAULT_POSE {1,0,0,0, 0,1,0,0, 0,0,1,0;}
	{
	  -0.01273036,0.9998425,-0.012361258,0.0, -0.038882464,0.011857867,0.9991734,2.45, 0.9991627,0.013200492,0.038725376,-0.0;
	  -0.01273036,0.9998425,-0.012361258,0.0, -0.038882464,0.011857867,0.9991734,2.45, 0.9991627,0.013200492,0.038725376,-0.0;
	  -0.01840353,0.999617,-0.020663679,0.003198, -0.06582594,0.019410849,0.9976422,2.454568, 0.9976613,0.019720256,0.065443516,-0.013931;
	  -0.01840353,0.999617,-0.020663679,0.005151, -0.06582594,0.019410849,0.9976422,2.459872, 0.9976613,0.019720256,0.065443516,-0.014847;
	  -0.017511666,0.9994612,-0.027777612,0.007874, -0.09025183,0.026088715,0.99557763,2.470741, 0.9957654,0.019941628,0.08974671,-0.006159;
	  -0.017511666,0.9994612,-0.027777612,0.007874, -0.09025183,0.026088715,0.99557763,2.470741, 0.9957654,0.019941628,0.08974671,-0.006159;
	  -0.009216189,0.99941707,-0.032859057,0.013489, -0.11050895,0.031640768,0.9933708,2.496927, 0.9938319,0.012785763,0.11015248,0.02475;
	  -0.009216189,0.99941707,-0.032859057,0.013489, -0.11050895,0.031640768,0.9933708,2.496927, 0.9938319,0.012785763,0.11015248,0.02475;
	  0.003053546,0.9993814,-0.03503427,0.016347, -0.12365356,0.0351429,0.9917029,2.513223, 0.99232066,0.0013038814,0.12368441,0.060148;
	  0.003053546,0.9993814,-0.03503427,0.016347, -0.12365356,0.0351429,0.9917029,2.513223, 0.99232066,0.0013038814,0.12368441,0.060148;
	  0.014812827,0.9992597,-0.035505176,0.017016, -0.13134637,0.037145972,0.9906403,2.525493, 0.99122584,-0.0100106895,0.13179946,0.092545;
	  0.014812827,0.9992597,-0.035505176,0.016524, -0.13134637,0.037145972,0.9906403,2.530411, 0.99122584,-0.0100106895,0.13179946,0.106527;
	  0.02455604,0.9990947,-0.034736216,0.015797, -0.13395014,0.037721634,0.99026984,2.53423, 0.99068373,-0.019664228,0.13475513,0.11784;
	  0.02455604,0.9990947,-0.034736216,0.014849, -0.13395014,0.037721634,0.99026984,2.536844, 0.99068373,-0.019664228,0.13475513,0.12557;
	  0.0324018,0.9989245,-0.033152997,0.013666, -0.13218436,0.03716159,0.9905279,2.538361, 0.99069506,-0.027713,0.13324594,0.130631;
	  0.034632683,0.9988905,-0.031908244,0.012493, -0.12849048,0.036112666,0.99105287,2.538912, 0.9911057,-0.030223101,0.1295985,0.134418;
	  0.035341144,0.9989196,-0.030149907,0.01143, -0.12174547,0.034246683,0.9919696,2.538693, 0.9919312,-0.03138745,0.122823715,0.138128;
	  0.035341144,0.9989196,-0.030149907,0.010384, -0.12174547,0.034246683,0.9919696,2.53752, 0.9919312,-0.03138745,0.122823715,0.140557;
	  0.03215456,0.9991456,-0.025965601,0.009279, -0.10330951,0.029162407,0.9942217,2.534913, 0.9941294,-0.029286265,0.10415888,0.139532;
	  0.03215456,0.9991456,-0.025965601,0.008141, -0.10330951,0.029162407,0.9942217,2.531264, 0.9941294,-0.029286265,0.10415888,0.134543;
	  0.03215456,0.9991456,-0.025965601,0.006944, -0.10330951,0.029162407,0.9942217,2.526151, 0.9941294,-0.029286265,0.10415888,0.126003;
	  0.03215456,0.9991456,-0.025965601,0.005676, -0.10330951,0.029162407,0.9942217,2.518273, 0.9941294,-0.029286265,0.10415888,0.113532;
	  0.0061656237,0.9998236,-0.017737955,0.00415, -0.06240049,0.01808834,0.99788713,2.505376, 0.998032,-0.005045891,0.062500834,0.094813;
	  -0.00085145235,0.99988186,-0.015335292,0.00415, -0.05186215,0.015270352,0.9985373,2.505376, 0.99865365,0.0016453266,0.05184281,0.094813;
	  -0.006454468,0.99988765,-0.013472885,0.001288, -0.043881357,0.013176203,0.99894905,2.475837, 0.9990151,0.0070380867,0.04379058,0.050753;
	  -0.009513259,0.9998739,-0.012675166,0.001288, -0.040423185,0.012280226,0.99910665,2.475837, 0.9991368,0.01001659,0.040300727,0.050753;
	  -0.011128187,0.9998598,-0.012518078,0.001288, -0.039647073,0.012067914,0.999141,2.475837, 0.99915195,0.011615008,0.03950739,0.050753;
	  -0.01271677,0.99984294,-0.012362361,3E-06, -0.03889221,0.011859655,0.9991732,2.450054, 0.9991627,0.01318723,0.03873539,0.000106;
	}
	NAME "Bip01 Pelvis"
	DEFAULT_POSE {1,0,0,0, 0,1,0,0, 0,0,1,0;}
	{
	  4.7683716E-07,1.0000004,-9.23872E-07,-0.0, 0.029872686,1.1920929E-06,0.99955404,0.0, 0.99955404,-1.1920929E-07,-0.029872358,0.0;
	  -4.172325E-07,0.99999964,-1.0430813E-06,-0.0, 0.029582351,7.1525574E-07,0.999562,0.0, 0.999562,2.9802322E-08,-0.02958268,0.0;
	  0.0,1.0,-1.0430813E-06,-0.0, 0.029289931,1.0728836E-06,0.99957097,0.0, 0.99957097,2.9802322E-08,-0.029289901,0.0;
	  -4.7683716E-07,1.0,-4.7683716E-07,-0.0, 0.028995037,4.7683716E-07,0.99957955,0.0, 0.99957955,4.7683716E-07,-0.028995037,0.0;
	  2.3841858E-07,1.0000004,-1.0430813E-06,-0.0, 0.028610587,1.4305115E-06,0.999591,0.0, 0.999591,2.9802322E-08,-0.02861023,0.0;
	  3.5762787E-07,1.0000004,-9.834766E-07,-0.0, 0.028223515,1.4305115E-06,0.999602,0.0, 0.99960196,-5.9604645E-08,-0.028223157,0.0;
	  -3.5762787E-07,0.99999964,-9.834766E-07,-0.0, 0.028091311,5.9604645E-07,0.999605,0.0, 0.99960506,-5.9604645E-08,-0.02809167,0.0;
	  -5.364418E-07,1.0,-1.4305115E-06,-0.0, 0.02829507,1.4305115E-06,0.9995996,0.0, 0.9995996,4.172325E-07,-0.02829504,0.0;
	  2.3841858E-07,1.0000005,-1.0430813E-06,-0.0, 0.028754503,1.4305115E-06,0.99958694,0.0, 0.99958694,8.940697E-08,-0.028754115,0.0;
	  -2.9802322E-07,0.99999964,-9.834766E-07,-0.0, 0.029479355,7.1525574E-07,0.99956506,0.0, 0.999565,-5.9604645E-08,-0.029479682,0.0;
	  -2.9802322E-07,0.9999999,-1.013279E-06,-0.0, 0.03068319,8.34465E-07,0.999529,0.0, 0.999529,2.9802322E-08,-0.030683398,0.0;
	  -2.9802322E-07,0.9999999,-1.013279E-06,-0.0, 0.03068319,8.34465E-07,0.999529,0.0, 0.999529,2.9802322E-08,-0.030683398,0.0;
	  3.5762787E-07,1.0000002,-8.940697E-07,-0.0, 0.033258736,1.1920929E-06,0.9994471,0.0, 0.9994471,-8.940697E-08,-0.033258438,0.0;
	  3.5762787E-07,1.0000002,-8.940697E-07,-0.0, 0.033258736,1.1920929E-06,0.9994471,0.0, 0.9994471,-8.940697E-08,-0.033258438,0.0;
	  0.0,1.0000001,-1.013279E-06,-0.0, 0.033849865,1.0728836E-06,0.999427,0.0, 0.999427,5.9604645E-08,-0.033849776,0.0;
	  0.0,1.0,-9.834766E-07,-0.0, 0.033787012,9.536743E-07,0.9994291,0.0, 0.9994291,-2.9802322E-08,-0.033787012,0.0;
	  -1.7881393E-07,0.99999976,-9.834766E-07,-0.0, 0.033812255,7.1525574E-07,0.999428,0.0, 0.99942803,-5.9604645E-08,-0.033812463,0.0;
	  -2.3841858E-07,0.99999976,-9.834766E-07,-0.0, 0.0336622,7.1525574E-07,0.99943304,0.0, 0.99943304,-5.9604645E-08,-0.03366244,0.0;
	  2.3841858E-07,1.0000002,-9.834766E-07,-0.0, 0.03271085,1.1920929E-06,0.999465,0.0, 0.999465,-2.9802322E-08,-0.03271067,0.0;
	  2.3841858E-07,1.0000002,-9.834766E-07,-0.0, 0.03271085,1.1920929E-06,0.999465,0.0, 0.999465,-2.9802322E-08,-0.03271067,0.0;
	  0.0,1.0,-1.0430813E-06,-0.0, 0.027054995,1.0728836E-06,0.99963397,0.0, 0.9996339,0.0,-0.027054906,0.0;
	  -2.3841858E-07,0.99999964,-9.23872E-07,-0.0, 0.024477333,5.9604645E-07,0.99970007,0.0, 0.99970007,-8.940697E-08,-0.02447766,0.0;
	  3.5762787E-07,1.0000004,-1.0430813E-06,-0.0, 0.022817612,1.4305115E-06,0.99974,0.0, 0.99974,2.9802322E-08,-0.022817254,0.0;
	  -1.1920929E-07,0.9999999,-1.0430813E-06,-0.0, 0.021810174,9.536743E-07,0.999762,0.0, 0.99976206,0.0,-0.021810293,0.0;
	  0.0,1.0,-9.536743E-07,-0.0, 0.021954954,9.536743E-07,0.999759,0.0, 0.999759,0.0,-0.021954894,0.0;
	  4.7683716E-07,1.0000005,-8.940697E-07,-0.0, 0.023804575,1.4305115E-06,0.9997171,0.0, 0.9997171,-5.9604645E-08,-0.023804069,0.0;
	  2.3841858E-07,1.0000004,-1.0430813E-06,-0.0, 0.026846617,1.4305115E-06,0.9996399,0.0, 0.99964,0.0,-0.02684623,0.0;
	  0.0,0.9999999,-9.23872E-07,-0.0, 0.029857129,8.34465E-07,0.9995541,0.0, 0.99955404,-1.1920929E-07,-0.029857218,0.0;
	}
	NAME "Bip01 Spine"
	DEFAULT_POSE {1,0,0,0, 0,1,0,0, 0,0,1,0;}
	{
	  1.0,-0.00079999946,-1.3988001E-06,0.169555, 0.0008000005,0.9999995,0.0009969997,0.0244, 6.011999E-07,-0.0009970004,0.9999999,-0.005067;
	  1.0,-0.00079999946,-1.3988001E-06,0.169555, 0.0008000005,0.9999995,0.0009969997,0.0244, 6.011999E-07,-0.0009970004,0.9999999,-0.005067;
	  1.0,-0.00079999946,-1.3988001E-06,0.169555, 0.0008000005,0.9999995,0.0009969997,0.0244, 6.011999E-07,-0.0009970004,0.9999999,-0.005067;
	  1.0,-0.00079999946,-1.3988001E-06,0.169555, 0.0008000005,0.9999995,0.0009969997,0.0244, 6.011999E-07,-0.0009970004,0.9999999,-0.005067;
	  1.0,-0.00079999946,-1.3988001E-06,0.169555, 0.0008000005,0.9999995,0.0009969997,0.0244, 6.011999E-07,-0.0009970004,0.9999999,-0.005067;
	  1.0,-0.00079999946,-1.3988001E-06,0.169555, 0.0008000005,0.9999995,0.0009969997,0.0244, 6.011999E-07,-0.0009970004,0.9999999,-0.005067;
	  1.0,-0.00079999946,-1.3988001E-06,0.169564, 0.0008000005,0.9999995,0.0009969997,0.0244, 6.011999E-07,-0.0009970004,0.9999999,-0.004765;
	  1.0,-0.00079999946,-1.3988001E-06,0.169564, 0.0008000005,0.9999995,0.0009969997,0.0244, 6.011999E-07,-0.0009970004,0.9999999,-0.004765;
	  1.0,-0.00079999946,-1.3988001E-06,0.169564, 0.0008000005,0.9999995,0.0009969997,0.0244, 6.011999E-07,-0.0009970004,0.9999999,-0.004765;
	  1.0,-0.00079999946,-1.3988001E-06,0.169564, 0.0008000005,0.9999995,0.0009969997,0.0244, 6.011999E-07,-0.0009970004,0.9999999,-0.004765;
	  1.0,-0.00079999946,-1.3988001E-06,0.169564, 0.0008000005,0.9999995,0.0009969997,0.0244, 6.011999E-07,-0.0009970004,0.9999999,-0.004765;
	  1.0,-0.00079999946,-1.3988001E-06,0.169564, 0.0008000005,0.9999995,0.0009969997,0.0244, 6.011999E-07,-0.0009970004,0.9999999,-0.004765;
	  1.0,-0.00079999946,-1.3988001E-06,0.169564, 0.0008000005,0.9999995,0.0009969997,0.0244, 6.011999E-07,-0.0009970004,0.9999999,-0.004765;
	  0.9999999,-0.00082600006,-1.3459708E-06,0.169564, 0.00082600006,0.9999945,0.0032590001,0.0244, -1.3459708E-06,-0.0032590001,0.9999949,-0.004765;
	  0.9999999,-0.00082600006,-1.3459708E-06,0.169533, 0.00082600006,0.9999945,0.0032590001,0.0244, -1.3459708E-06,-0.0032590001,0.9999949,-0.005742;
	  0.9999999,-0.00082600006,-1.3459708E-06,0.169534, 0.00082600006,0.9999945,0.0032590001,0.0244, -1.3459708E-06,-0.0032590001,0.9999949,-0.005731;
	  0.9999999,-0.00082600006,-1.3459708E-06,0.169534, 0.00082600006,0.9999945,0.0032590001,0.0244, -1.3459708E-06,-0.0032590001,0.9999949,-0.005735;
	  0.9999999,-0.00082600006,-1.3459708E-06,0.169534, 0.00082600006,0.9999945,0.0032590001,0.0244, -1.3459708E-06,-0.0032590001,0.9999949,-0.005735;
	  0.9999999,-0.00082600006,-1.3459708E-06,0.169534, 0.00082600006,0.9999945,0.0032590001,0.0244, -1.3459708E-06,-0.0032590001,0.9999949,-0.005735;
	  0.9999999,-0.00082600006,-1.3459708E-06,0.169534, 0.00082600006,0.9999945,0.0032590001,0.0244, -1.3459708E-06,-0.0032590001,0.9999949,-0.005735;
	  0.9999999,-0.00082600006,-1.3459708E-06,0.169534, 0.00082600006,0.9999945,0.0032590001,0.0244, -1.3459708E-06,-0.0032590001,0.9999949,-0.005735;
	  0.9999999,-0.00082600006,-1.3459708E-06,0.169534, 0.00082600006,0.9999945,0.0032590001,0.0244, -1.3459708E-06,-0.0032590001,0.9999949,-0.005735;
	  0.9999999,-0.00082600006,-1.3459708E-06,0.169534, 0.00082600006,0.9999945,0.0032590001,0.0244, -1.3459708E-06,-0.0032590001,0.9999949,-0.005735;
	  0.9999999,-0.00082600006,-1.3459708E-06,0.16959, 0.00082600006,0.9999945,0.0032590001,0.0244, -1.3459708E-06,-0.0032590001,0.9999949,-0.0037;
	  0.9999999,-0.00082600006,-1.3459708E-06,0.16959, 0.00082600006,0.9999945,0.0032590001,0.0244, -1.3459708E-06,-0.0032590001,0.9999949,-0.0037;
	  0.9999999,-0.00082600006,-1.3459708E-06,0.16959, 0.00082600006,0.9999945,0.0032590001,0.0244, -1.3459708E-06,-0.0032590001,0.9999949,-0.0037;
	  0.9999999,-0.00082600006,-1.3459708E-06,0.16959, 0.00082600006,0.9999945,0.0032590001,0.0244, -1.3459708E-06,-0.0032590001,0.9999949,-0.0037;
	  1.0,-0.00079999946,-1.3984001E-06,0.169555, 0.0008000005,0.9999995,0.0009959997,0.0244, 6.0159994E-07,-0.0009960004,0.9999999,-0.005065;
	}
	NAME "Bip01 Spine1"
	DEFAULT_POSE {1,0,0,0, 0,1,0,0, 0,0,1,0;}
	{
	  0.9814298,-0.1918114,0.0016407538,0.158725, 0.1917466,0.98079264,-0.03574862,-0.000196, 0.0052477536,0.03539939,0.9993589,-7E-06;
	  0.9814298,-0.1918114,0.0016407538,0.158725, 0.1917466,0.98079264,-0.03574862,-0.000196, 0.0052477536,0.03539939,0.9993589,-7E-06;
	  0.97980416,-0.19927594,-0.016546194,0.158727, 0.19855106,0.97936714,-0.03766144,-0.000196, 0.023709808,0.03361556,0.9991541,-7E-06;
	  0.98111665,-0.19212425,-0.022324588,0.158727, 0.1912078,0.9808234,-0.03775125,-0.000196, 0.02914941,0.032769747,0.99903774,-7E-06;
	  0.98568416,-0.16705039,-0.02281477,0.158727, 0.16616163,0.9854231,-0.03648613,-0.000196, 0.028577227,0.03217287,0.9990735,-7E-06;
	  0.98568416,-0.16705039,-0.02281477,0.158727, 0.16616163,0.9854231,-0.03648613,-0.000196, 0.028577227,0.03217287,0.9990735,-7E-06;
	  0.98568416,-0.16705039,-0.02281477,0.158727, 0.16616163,0.9854231,-0.03648613,-0.000196, 0.028577227,0.03217287,0.9990735,-7E-06;
	  0.98568416,-0.16705039,-0.02281477,0.158727, 0.16616163,0.9854231,-0.03648613,-0.000196, 0.028577227,0.03217287,0.9990735,-7E-06;
	  0.9997686,-0.02046716,-0.006608212,0.158727, 0.020287843,0.9994521,-0.026149057,-0.000196, 0.0071397885,0.026008941,0.9996362,-7E-06;
	  0.99991024,0.013178977,-0.0023111047,0.158727, -0.013229023,0.9996438,-0.023172252,-0.000196, 0.0020048951,0.02320075,0.99972856,-7E-06;
	  0.99914503,0.04133596,0.00017174246,0.158727, -0.041324046,0.99894094,-0.020217188,-0.000196, -0.0010072575,0.02019281,0.9997953,-7E-06;
	  0.99914503,0.04133596,0.00017174246,0.158727, -0.041324046,0.99894094,-0.020217188,-0.000196, -0.0010072575,0.02019281,0.9997953,-7E-06;
	  0.9960257,0.0890109,0.0029747537,0.158727, -0.08896012,0.99593306,-0.014229591,-0.000196, -0.004229246,0.013908411,0.9998938,-7E-06;
	  0.99453723,0.10433786,0.0030379433,0.158727, -0.104296125,0.9944782,-0.011634199,-0.000196, -0.0042350558,0.011253798,0.99992764,-7E-06;
	  0.9934007,0.11466627,0.00265293,0.158727, -0.114636734,0.993363,-0.009425162,-0.000196, -0.0037160697,0.009058838,0.9999523,-7E-06;
	  0.99279916,0.11974527,0.003316183,0.158663, -0.11971374,0.99277234,-0.008473003,-0.000199, -0.004306817,0.0080149975,0.99995863,-2E-06;
	  0.9930066,0.11787206,0.006675159,0.158663, -0.11780496,0.9929898,-0.009684048,-0.000199, -0.0077698412,0.008829954,0.999931,-2E-06;
	  0.9935895,0.11251629,0.010929249,0.158663, -0.11238671,0.99359393,-0.011825052,-0.000199, -0.01218975,0.010520949,0.9998702,-2E-06;
	  0.99457085,0.103106916,0.014056079,0.158663, -0.10290308,0.99458516,-0.014528144,-0.000199, -0.015477922,0.013002856,0.99979556,-2E-06;
	  0.99570346,0.09133882,0.015251972,0.158663, -0.09106218,0.9956839,-0.017942986,-0.000199, -0.016825028,0.01647701,0.9997231,-2E-06;
	  0.99703383,0.075419016,0.015329922,0.158663, -0.07507398,0.99693596,-0.021959001,-0.000199, -0.01693908,0.020742996,0.99964106,-2E-06;
	  0.9986017,0.05084739,0.014451088,0.158663, -0.050468616,0.9984008,-0.025466964,-0.000199, -0.015722908,0.024702031,0.9995711,-2E-06;
	  0.9998592,0.01149813,0.012212677,0.158663, -0.011148871,0.99953747,-0.02829107,-0.000199, -0.012532324,0.028150933,0.99952507,-2E-06;
	  0.9998592,0.01149813,0.012212677,0.158663, -0.011148871,0.99953747,-0.02829107,-0.000199, -0.012532324,0.028150933,0.99952507,-2E-06;
	  0.99659824,-0.08216525,0.0063595027,0.158663, 0.082330756,0.99606335,-0.03284808,-0.000199, -0.003635498,0.033259925,0.99943984,-2E-06;
	  0.99659824,-0.08216525,0.0063595027,0.158663, 0.082330756,0.99606335,-0.03284808,-0.000199, -0.003635498,0.033259925,0.99943984,-2E-06;
	  0.99659824,-0.08216525,0.0063595027,0.158663, 0.082330756,0.99606335,-0.03284808,-0.000199, -0.003635498,0.033259925,0.99943984,-2E-06;
	  0.98147523,-0.19158514,0.001650132,0.158725, 0.19152088,0.9808382,-0.03574205,-0.000196, 0.0052291322,0.035395946,0.9993603,-7E-06;
	}
	NAME "Bip01 Spine2"
	DEFAULT_POSE {1,0,0,0, 0,1,0,0, 0,0,1,0;}
	{
	  0.97075844,-0.24004404,-0.0025583005,0.251246, 0.24005695,0.9706739,0.012820881,-0.000321, -0.00059430045,-0.013060119,0.9999143,4E-06;
	  0.97075844,-0.24004404,-0.0025583005,0.251246, 0.24005695,0.9706739,0.012820881,-0.000321, -0.00059430045,-0.013060119,0.9999143,4E-06;
	  0.97773874,-0.20972203,0.0066041346,0.251246, 0.20960699,0.977672,0.014911108,-0.000321, -0.009583865,-0.013194894,0.99986696,4E-06;
	  0.9803208,-0.19719413,0.009278253,0.251246, 0.19703287,0.9802679,0.01591617,-0.000321, -0.012233745,-0.013774828,0.9998305,4E-06;
	  0.98196006,-0.18886581,0.00917611,0.251246, 0.1886932,0.9818889,0.017006636,-0.000321, -0.012221892,-0.014968366,0.9998133,4E-06;
	  0.98196006,-0.18886581,0.00917611,0.251246, 0.1886932,0.9818889,0.017006636,-0.000321, -0.012221892,-0.014968366,0.9998133,4E-06;
	  0.98393726,-0.17847525,0.0038404511,0.251246, 0.17836978,0.983773,0.019383188,-0.000321, -0.007237549,-0.018386815,0.9998051,4E-06;
	  0.98393726,-0.17847525,0.0038404511,0.251246, 0.17836978,0.983773,0.019383188,-0.000321, -0.007237549,-0.018386815,0.9998051,4E-06;
	  0.98393726,-0.17847525,0.0038404511,0.251246, 0.17836978,0.983773,0.019383188,-0.000321, -0.007237549,-0.018386815,0.9998051,4E-06;
	  0.98393726,-0.17847525,0.0038404511,0.251246, 0.17836978,0.983773,0.019383188,-0.000321, -0.007237549,-0.018386815,0.9998051,4E-06;
	  0.9862946,-0.16419639,-0.016205985,0.251246, 0.16456963,0.98604155,0.025279226,-0.000321, 0.011829016,-0.027599776,0.99954915,4E-06;
	  0.9862946,-0.16419639,-0.016205985,0.251246, 0.16456963,0.98604155,0.025279226,-0.000321, 0.011829016,-0.027599776,0.99954915,4E-06;
	  0.987098,-0.15891081,-0.01960084,0.251219, 0.15945122,0.98674786,0.030054184,-0.000326, 0.01456516,-0.032791812,0.9993558,1.1E-05;
	  0.986761,-0.16095597,-0.019897852,0.251219, 0.16153905,0.98633575,0.032355536,-0.000326, 0.0144181475,-0.035141464,0.9992783,1.1E-05;
	  0.9861262,-0.16486168,-0.019371893,0.251219, 0.16545328,0.9856149,0.03446601,-0.000326, 0.0134111075,-0.03719299,0.99921787,1.1E-05;
	  0.98561,-0.16795602,-0.019050907,0.251219, 0.16854602,0.98505783,0.035391156,-0.000326, 0.012822094,-0.038092848,0.99919164,1.1E-05;
	  0.9856875,-0.16743703,-0.019621968,0.251222, 0.16803299,0.9851879,0.034199677,-0.000325, 0.013605035,-0.03700733,0.9992224,1.2E-05;
	  0.98591495,-0.1659859,-0.02047418,0.251221, 0.1665831,0.9855046,0.03208462,-0.000325, 0.014851816,-0.03504338,0.99927485,1.2E-05;
	  0.98557603,-0.16792881,-0.020988151,0.251222, 0.1685012,0.98526406,0.029375598,-0.000325, 0.015745852,-0.032488402,0.9993484,1.1E-05;
	  0.9841511,-0.17609234,-0.020930994,0.251222, 0.17660566,0.9839407,0.025906026,-0.000325, 0.016033005,-0.029191975,0.9994453,1.1E-05;
	  0.9820012,-0.18776068,-0.02047211,0.251222, 0.18819427,0.981889,0.02182807,-0.000325, 0.01600289,-0.02528793,0.9995519,1.1E-05;
	  0.9820012,-0.18776068,-0.02047211,0.251222, 0.18819427,0.981889,0.02182807,-0.000325, 0.01600289,-0.02528793,0.9995519,1.1E-05;
	  0.9783087,-0.20633328,-0.018389974,0.251222, 0.20662373,0.9782959,0.015595237,-0.000325, 0.014773025,-0.019056765,0.999709,1.1E-05;
	  0.9783087,-0.20633328,-0.018389974,0.251222, 0.20662373,0.9782959,0.015595237,-0.000325, 0.014773025,-0.019056765,0.999709,1.1E-05;
	  0.9783087,-0.20633328,-0.018389974,0.251222, 0.20662373,0.9782959,0.015595237,-0.000325, 0.014773025,-0.019056765,0.999709,1.1E-05;
	  0.9738686,-0.22684401,-0.0110003315,0.251222, 0.22696799,0.97383094,0.01175168,-0.000325, 0.008046668,-0.01394132,0.99987006,1.1E-05;
	  0.9738686,-0.22684401,-0.0110003315,0.251222, 0.22696799,0.97383094,0.01175168,-0.000325, 0.008046668,-0.01394132,0.99987006,1.1E-05;
	  0.9707686,-0.24000187,-0.0025831382,0.251245, 0.2400151,0.97068405,0.012818857,-0.00032, -0.0005691383,-0.013064141,0.99991405,4E-06;
	}
	NAME "Bip01 Neck"
	DEFAULT_POSE {1,0,0,0, 0,1,0,0, 0,0,1,0;}
	{
	  0.9629768,-0.26713583,0.036253996,0.459824, 0.26767418,0.9634489,-0.010821698,-0.061934, -0.032038003,0.020125302,0.99928415,-4E-06;
	  0.9629768,-0.26713583,0.036253996,0.459824, 0.26767418,0.9634489,-0.010821698,-0.061934, -0.032038003,0.020125302,0.99928415,-4E-06;
	  0.97716,-0.20881312,0.03944312,0.459824, 0.2093169,0.9778061,-0.00905991,-0.061934, -0.036675885,0.017109089,0.9991809,-4E-06;
	  0.9806467,-0.19205779,0.03800977,0.459811, 0.19248024,0.9812697,-0.007750937,-0.061937, -0.035809226,0.014917065,0.99924684,-3E-06;
	  0.9802538,-0.19527788,0.031127868,0.459811, 0.19554411,0.9806782,-0.005721554,-0.061937, -0.029409131,0.011695446,0.9994991,-3E-06;
	  0.9802538,-0.19527788,0.031127868,0.459811, 0.19554411,0.9806782,-0.005721554,-0.061937, -0.029409131,0.011695446,0.9994991,-3E-06;
	  0.9730748,-0.23017116,0.012119084,0.459811, 0.23019888,0.9731432,-0.00092404033,-0.061937, -0.011580915,0.0036889596,0.9999262,-3E-06;
	  0.9730748,-0.23017116,0.012119084,0.459811, 0.23019888,0.9731432,-0.00092404033,-0.061937, -0.011580915,0.0036889596,0.9999262,-3E-06;
	  0.9730748,-0.23017116,0.012119084,0.459811, 0.23019888,0.9731432,-0.00092404033,-0.061937, -0.011580915,0.0036889596,0.9999262,-3E-06;
	  0.95479393,-0.29722404,-0.005090909,0.459811, 0.29725403,0.95477414,0.0067847082,-0.061937, 0.0028440906,-0.007991293,0.99996376,-3E-06;
	  0.95479393,-0.29722404,-0.005090909,0.459811, 0.29725403,0.95477414,0.0067847082,-0.061937, 0.0028440906,-0.007991293,0.99996376,-3E-06;
	  0.9378339,-0.34697416,-0.008665615,0.459811, 0.3470278,0.9378369,0.005690779,-0.061937, 0.006152385,-0.00834422,0.9999455,-3E-06;
	  0.9300821,-0.36723313,-0.009383188,0.459811, 0.36728492,0.93009806,0.004507943,-0.061937, 0.0070718145,-0.007639057,0.99994636,-3E-06;
	  0.9252999,-0.37910122,-0.010093856,0.459811, 0.3791508,0.925328,0.003489797,-0.061937, 0.008017144,-0.0070562037,0.99994266,-3E-06;
	  0.9222592,-0.38642937,-0.010496499,0.459811, 0.38647264,0.9222976,0.0023869774,-0.061937, 0.0087585,-0.0062580225,0.99994195,-3E-06;
	  0.91843057,-0.39543355,-0.010844204,0.459811, 0.39546943,0.91847825,0.0013007761,-0.061937, 0.009445795,-0.005483224,0.9999404,-3E-06;
	  0.91211605,-0.40977874,-0.011240079,0.459811, 0.40980926,0.9121715,0.00045379694,-0.061937, 0.01006692,-0.005020203,0.99993706,-3E-06;
	  0.91211605,-0.40977874,-0.011240079,0.459811, 0.40980926,0.9121715,0.00045379694,-0.061937, 0.01006692,-0.005020203,0.99993706,-3E-06;
	  0.8987541,-0.43829504,-0.011771831,0.459811, 0.438306,0.8988241,-0.0017667713,-0.061937, 0.011355172,-0.0035717713,0.9999292,-3E-06;
	  0.8987541,-0.43829504,-0.011771831,0.459811, 0.438306,0.8988241,-0.0017667713,-0.061937, 0.011355172,-0.0035717713,0.9999292,-3E-06;
	  0.89137626,-0.4530834,-0.012791857,0.459856, 0.45302558,0.8914678,-0.0072693303,-0.061921, 0.014697142,0.0006846702,0.99989164,-0.0;
	  0.8919859,-0.451917,-0.011477128,0.459856, 0.45182496,0.89205265,-0.009784244,-0.061921, 0.014659872,0.0035417567,0.99988604,-0.0;
	  0.8965175,-0.44294012,-0.007824299,0.459856, 0.44284087,0.89652395,-0.011733044,-0.061921, 0.012211702,0.0070539564,0.99990106,-0.0;
	  0.90425324,-0.42698908,-0.0025028426,0.459856, 0.42692292,0.9041908,-0.013255863,-0.061921, 0.007923157,0.010918138,0.9999089,-0.0;
	  0.915735,-0.40175605,0.004583732,0.459856, 0.40177995,0.9156319,-0.013803759,-0.061921, 0.0013487318,0.01448224,0.999894,-0.0;
	  0.93129814,-0.36399308,0.013860079,0.459856, 0.36416492,0.9312438,-0.01297606,-0.061921, -0.00818392,0.01713194,0.9998194,-0.0;
	  0.94848084,-0.3158414,0.02506406,0.459856, 0.31619558,0.9486228,-0.011611535,-0.061921, -0.02010894,0.018938465,0.9996183,-0.0;
	  0.96289897,-0.26742288,0.03618693,0.459824, 0.26796004,0.96336865,-0.010822941,-0.061934, -0.03196707,0.020118058,0.9992858,-4E-06;
	}
	NAME "Bip01 Head"
	DEFAULT_POSE {1,0,0,0, 0,1,0,0, 0,0,1,0;}
	{
	  0.9900701,0.14037627,-0.007485007,0.217668, -0.14017871,0.98987246,0.022423955,0.0, 0.010556991,-0.021152044,0.9997207,0.0;
	  0.9900701,0.14037627,-0.007485007,0.217668, -0.14017871,0.98987246,0.022423955,0.0, 0.010556991,-0.021152044,0.9997207,0.0;
	  0.99631715,0.08530026,-0.008672756,0.217668, -0.08525475,0.9963436,0.005488803,0.0, 0.009109245,-0.004729197,0.99994695,0.0;
	  0.9983351,0.057213575,-0.00735691,0.217668, -0.057209425,0.9983622,0.000773086,0.0, 0.00738909,-0.00035091408,0.99997294,0.0;
	  0.99961483,0.02736902,-0.004527408,0.217668, -0.02735698,0.99962175,0.0026999477,0.0, 0.004599592,-0.0025750522,0.9999858,0.0;
	  0.99961483,0.02736902,-0.004527408,0.217668, -0.02735698,0.99962175,0.0026999477,0.0, 0.004599592,-0.0025750522,0.9999858,0.0;
	  0.99953794,-0.03037569,0.0012736752,0.217668, 0.030362315,0.9994943,0.009458021,0.0, -0.0015603249,-0.009414977,0.9999546,0.0;
	  0.99953794,-0.03037569,0.0012736752,0.217668, 0.030362315,0.9994943,0.009458021,0.0, -0.0015603249,-0.009414977,0.9999546,0.0;
	  0.9972298,-0.074104674,0.0064440747,0.217668, 0.07412734,0.9972433,-0.0033518015,0.0, -0.006177925,0.0038201981,0.9999738,0.0;
	  0.9958341,-0.09076325,0.008804042,0.217668, 0.090842746,0.99582434,-0.009093051,0.0, -0.007941959,0.009854949,0.9999205,0.0;
	  0.994732,-0.10188971,0.011210563,0.217667, 0.10199528,0.99474096,-0.009286245,0.0, -0.01020544,0.010380754,0.99989355,0.0;
	  0.994732,-0.10188971,0.011210563,0.217668, 0.10199528,0.99474096,-0.009286245,-0.0, -0.01020544,0.010380754,0.99989355,-0.0;
	  0.9928249,-0.11870603,0.014409974,0.217667, 0.11880395,0.9928987,-0.0061380398,0.0, -0.013579024,0.0078059603,0.99987733,0.0;
	  0.9928249,-0.11870603,0.014409974,0.217667, 0.11880395,0.9928987,-0.0061380398,0.0, -0.013579024,0.0078059603,0.99987733,0.0;
	  0.99207175,-0.12515476,0.011373978,0.217667, 0.12529024,0.9920461,-0.012100944,0.0, -0.009769022,0.013430057,0.99986184,0.0;
	  0.9925451,-0.12147916,0.00987371,0.217667, 0.12159782,0.9925014,-0.012466158,0.0, -0.008285291,0.013573843,0.99987376,0.0;
	  0.9939295,-0.10955493,0.010074077,0.217668, 0.10962506,0.99395025,-0.0066926274,0.0, -0.0092799235,0.007756373,0.99992657,0.0;
	  0.9939295,-0.10955493,0.010074077,0.217667, 0.10962506,0.99395025,-0.0066926274,0.0, -0.0092799235,0.007756373,0.99992657,0.0;
	  0.997049,-0.07573901,0.012488967,0.217668, 0.07562199,0.99709,0.009590869,0.0, -0.013179032,-0.00861813,0.99987555,0.0;
	  0.997049,-0.07573901,0.012488967,0.217668, 0.07562199,0.99709,0.009590869,0.0, -0.013179032,-0.00861813,0.99987555,0.0;
	  0.99934316,-0.032991257,0.015021895,0.217668, 0.032608736,0.99915504,0.025034148,0.0, -0.015835105,-0.024527848,0.9995742,0.0;
	  0.9998243,-0.0081335325,0.016883772,0.217668, 0.007589467,0.9994576,0.03204188,0.0, -0.017135229,-0.031908114,0.99934375,0.0;
	  0.9995581,0.02156172,0.020440111,0.217668, -0.022342276,0.9989983,0.038761213,0.0, -0.019583886,-0.039200783,0.99903893,0.0;
	  0.9982823,0.053420767,0.024047177,0.217668, -0.054445222,0.9975387,0.044180814,0.0, -0.021627821,-0.04541419,0.9987339,0.0;
	  0.99633527,0.08222444,0.023575928,0.217668, -0.08323555,0.9954814,0.045708083,0.0, -0.01971107,-0.047502913,0.9986769,0.0;
	  0.9944391,0.10405406,0.01621901,0.217668, -0.10464394,0.99365616,0.041191414,0.0, -0.011829988,-0.04265959,0.9990194,0.0;
	  0.9924668,0.12242641,0.0044879485,0.217668, -0.12250758,0.99194455,0.032196857,0.0, -0.0005100521,-0.03250414,0.99947083,0.0;
	  0.9900873,0.14025684,-0.007416062,0.217668, -0.14006017,0.9898877,0.022479262,0.0, 0.01049394,-0.021217737,0.99971974,-0.0;
	}
	NAME "Bip01 Ponytail1"
	DEFAULT_POSE {1,0,0,0, 0,1,0,0, 0,0,1,0;}
	{
	  -0.6276705,-0.778479,-1.8913905E-06,-0.004927, 0.778479,-0.6276705,-5.2391388E-06,0.077401, 2.8913905E-06,-4.760861E-06,0.9999995,0.0;
	  -0.6276705,-0.778479,-1.8913905E-06,-0.004927, 0.778479,-0.6276705,-5.2391388E-06,0.077401, 2.8913905E-06,-4.760861E-06,0.9999995,0.0;
	  -0.6276705,-0.778479,-1.8913905E-06,-0.004928, 0.778479,-0.6276705,-5.2391388E-06,0.077401, 2.8913905E-06,-4.760861E-06,0.9999995,0.0;
	  -0.6276705,-0.778479,-1.8913905E-06,-0.004928, 0.778479,-0.6276705,-5.2391388E-06,0.077401, 2.8913905E-06,-4.760861E-06,0.9999995,0.0;
	  -0.6276705,-0.778479,-1.8913905E-06,-0.004928, 0.778479,-0.6276705,-5.2391388E-06,0.077401, 2.8913905E-06,-4.760861E-06,0.9999995,0.0;
	  -0.6276705,-0.778479,-1.8913905E-06,-0.004928, 0.778479,-0.6276705,-5.2391388E-06,0.077401, 2.8913905E-06,-4.760861E-06,0.9999995,0.0;
	  -0.6276705,-0.778479,-1.8913905E-06,-0.004927, 0.778479,-0.6276705,-5.2391388E-06,0.077401, 2.8913905E-06,-4.760861E-06,0.9999995,0.0;
	  -0.6276705,-0.778479,-1.8913905E-06,-0.004927, 0.778479,-0.6276705,-5.2391388E-06,0.077401, 2.8913905E-06,-4.760861E-06,0.9999995,0.0;
	  -0.6276705,-0.778479,-1.8913905E-06,-0.004927, 0.778479,-0.6276705,-5.2391388E-06,0.077401, 2.8913905E-06,-4.760861E-06,0.9999995,0.0;
	  -0.6276705,-0.778479,-1.8913905E-06,-0.004928, 0.778479,-0.6276705,-5.2391388E-06,0.077401, 2.8913905E-06,-4.760861E-06,0.9999995,0.0;
	  -0.6276705,-0.778479,-1.8913905E-06,-0.004927, 0.778479,-0.6276705,-5.2391388E-06,0.077401, 2.8913905E-06,-4.760861E-06,0.9999995,0.0;
	  -0.6276705,-0.778479,-1.8913905E-06,-0.004927, 0.778479,-0.6276705,-5.2391388E-06,0.077401, 2.8913905E-06,-4.760861E-06,0.9999995,0.0;
	  -0.6276705,-0.778479,-1.8913905E-06,-0.004928, 0.778479,-0.6276705,-5.2391388E-06,0.077401, 2.8913905E-06,-4.760861E-06,0.9999995,0.0;
	  -0.6276705,-0.778479,-1.8913905E-06,-0.004928, 0.778479,-0.6276705,-5.2391388E-06,0.077401, 2.8913905E-06,-4.760861E-06,0.9999995,0.0;
	  -0.6276705,-0.778479,-1.8913905E-06,-0.004928, 0.778479,-0.6276705,-5.2391388E-06,0.077401, 2.8913905E-06,-4.760861E-06,0.9999995,0.0;
	  -0.6276705,-0.778479,-1.8913905E-06,-0.004928, 0.778479,-0.6276705,-5.2391388E-06,0.077401, 2.8913905E-06,-4.760861E-06,0.9999995,0.0;
	  -0.6276705,-0.778479,-1.8913905E-06,-0.004927, 0.778479,-0.6276705,-5.2391388E-06,0.077401, 2.8913905E-06,-4.760861E-06,0.9999995,0.0;
	  -0.6276705,-0.778479,-1.8913905E-06,-0.004927, 0.778479,-0.6276705,-5.2391388E-06,0.077401, 2.8913905E-06,-4.760861E-06,0.9999995,0.0;
	  -0.6276705,-0.778479,-1.8913905E-06,-0.004928, 0.778479,-0.6276705,-5.2391388E-06,0.077401, 2.8913905E-06,-4.760861E-06,0.9999995,0.0;
	  -0.6276705,-0.778479,-1.8913905E-06,-0.004928, 0.778479,-0.6276705,-5.2391388E-06,0.077401, 2.8913905E-06,-4.760861E-06,0.9999995,0.0;
	  -0.6276705,-0.778479,-1.8913905E-06,-0.004928, 0.778479,-0.6276705,-5.2391388E-06,0.077401, 2.8913905E-06,-4.760861E-06,0.9999995,0.0;
	  -0.6276705,-0.778479,-1.8913905E-06,-0.004928, 0.778479,-0.6276705,-5.2391388E-06,0.077401, 2.8913905E-06,-4.760861E-06,0.9999995,0.0;
	  -0.6276705,-0.778479,-1.8913905E-06,-0.004927, 0.778479,-0.6276705,-5.2391388E-06,0.077401, 2.8913905E-06,-4.760861E-06,0.9999995,0.0;
	  -0.6276705,-0.778479,-1.8913905E-06,-0.004927, 0.778479,-0.6276705,-5.2391388E-06,0.077401, 2.8913905E-06,-4.760861E-06,0.9999995,0.0;
	  -0.6276705,-0.778479,-1.8913905E-06,-0.004928, 0.778479,-0.6276705,-5.2391388E-06,0.077401, 2.8913905E-06,-4.760861E-06,0.9999995,0.0;
	  -0.6276705,-0.778479,-1.8913905E-06,-0.004928, 0.778479,-0.6276705,-5.2391388E-06,0.077401, 2.8913905E-06,-4.760861E-06,0.9999995,0.0;
	  -0.6276705,-0.778479,-1.8913905E-06,-0.004928, 0.778479,-0.6276705,-5.2391388E-06,0.077401, 2.8913905E-06,-4.760861E-06,0.9999995,0.0;
	  -0.6276705,-0.778479,-1.8913905E-06,-0.004927, 0.778479,-0.6276705,-5.2391388E-06,0.077401, 2.8913905E-06,-4.760861E-06,0.9999995,0.0;
	}
	NAME "Bip01 L Clavicle"
	DEFAULT_POSE {1,0,0,0, 0,1,0,0, 0,0,1,0;}
	{
	  -0.21378452,-0.26102057,0.9413631,-0.13794, -0.0774496,-0.9560795,-0.28269002,0.078692, 0.9738058,-0.13334295,0.18417907,0.095324;
	  -0.21378452,-0.26102057,0.9413631,-0.13794, -0.0774496,-0.9560795,-0.28269002,0.078692, 0.9738058,-0.13334295,0.18417907,0.095324;
	  -0.23226398,-0.20292859,0.9512483,-0.142742, -0.08164857,-0.9704741,-0.2269659,0.070159, 0.9692197,-0.13038406,0.20883703,0.094901;
	  -0.23830795,-0.18637004,0.9531399,-0.143813, -0.085386045,-0.9735937,-0.21171804,0.067548, 0.9674289,-0.13183896,0.216102,0.095172;
	  -0.23882967,-0.19006018,0.95228016,-0.14299, -0.09056617,-0.9720249,-0.21671471,0.067684, 0.96682894,-0.13800228,0.2149353,0.096309;
	  -0.23882967,-0.19006018,0.95228016,-0.14299, -0.09056617,-0.9720249,-0.21671471,0.067684, 0.96682894,-0.13800228,0.2149353,0.096309;
	  -0.23440671,-0.22626784,0.94543993,-0.14299, -0.102272846,-0.96139926,-0.2554443,0.067684, 0.96674407,-0.1565707,0.2022177,0.096309;
	  -0.23440671,-0.22626784,0.94543993,-0.14299, -0.102272846,-0.96139926,-0.2554443,0.067684, 0.96674407,-0.1565707,0.2022177,0.096309;
	  -0.23440671,-0.22626784,0.94543993,-0.134382, -0.102272846,-0.96139926,-0.2554443,0.077065, 0.96674407,-0.1565707,0.2022177,0.10153;
	  -0.23663944,-0.29364148,0.92616206,-0.134382, -0.11823147,-0.9374495,-0.3274289,0.077065, 0.96437687,-0.18698409,0.18711948,0.10153;
	  -0.23663944,-0.29364148,0.92616206,-0.134382, -0.11823147,-0.9374495,-0.3274289,0.077065, 0.96437687,-0.18698409,0.18711948,0.10153;
	  -0.22580415,-0.34226388,0.9120681,-0.134382, -0.12741886,-0.917829,-0.37597138,0.077065, 0.965804,-0.20111062,0.1636393,0.10153;
	  -0.21860701,-0.3619054,0.9062203,-0.125279, -0.1318754,-0.90920573,-0.3949098,0.089674, 0.9668608,-0.2058382,0.15103221,0.102831;
	  -0.21088487,-0.37342978,0.9033703,-0.125279, -0.13652879,-0.90384305,-0.40549684,0.089674, 0.96792954,-0.20884919,0.13962305,0.102831;
	  -0.20212787,-0.3805707,0.9023914,-0.125279, -0.14076668,-0.900553,-0.4113259,0.089674, 0.9691898,-0.21016708,0.12845504,0.102831;
	  -0.19269717,-0.3894998,0.90064293,-0.125279, -0.14281282,-0.89693975,-0.4184538,0.089674, 0.9708101,-0.2092582,0.11721218,0.102831;
	  -0.18179607,-0.40383235,0.8965878,-0.125279, -0.14255437,-0.89132607,-0.43036738,0.089674, 0.9729484,-0.20605162,0.104471564,0.102831;
	  -0.17016995,-0.41978097,0.89153004,-0.118924, -0.14039595,-0.8851682,-0.4435833,0.097809, 0.97536194,-0.20065172,0.09169316,0.102975;
	  -0.16018355,-0.43285728,0.88711643,-0.118924, -0.13509627,-0.8806507,-0.45409617,0.097809, 0.9777986,-0.19258484,0.08258808,0.102975;
	  -0.15253496,-0.4426277,0.883637,-0.118924, -0.1245397,-0.87836325,-0.4614845,0.097809, 0.98042005,-0.1804405,0.078856945,0.102975;
	  -0.14644784,-0.4494564,0.88121635,-0.115455, -0.110356405,-0.87783694,-0.46607274,0.101968, 0.9830436,-0.1655032,0.0789572,0.102894;
	  -0.14341444,-0.44891387,0.881991,-0.115596, -0.09761189,-0.8804421,-0.46399736,0.102104, 0.98483694,-0.15263665,0.08244836,0.102601;
	  -0.14356613,-0.44013333,0.88638127,-0.116864, -0.087255344,-0.88654184,-0.45434582,0.101279, 0.9857868,-0.1425702,0.088873744,0.10198;
	  -0.14717174,-0.42412955,0.8935629,-0.116864, -0.07833855,-0.895564,-0.43798196,0.101279, 0.9860039,-0.13445903,0.09857619,0.10198;
	  -0.15599966,-0.3985569,0.9037792,-0.122401, -0.07199891,-0.9079589,-0.41282782,0.096559, 0.9851298,-0.12947217,0.11294603,0.100035;
	  -0.17192072,-0.36004806,0.9169563,-0.122401, -0.070320055,-0.92395544,-0.3759807,0.096559, 0.9825978,-0.1291193,0.13352871,0.100035;
	  -0.1929664,-0.31081432,0.9306763,-0.122401, -0.07300432,-0.9413262,-0.3295077,0.096559, 0.97848564,-0.1315273,0.15895343,0.100035;
	  -0.21366465,-0.26131427,0.9413089,-0.13791, -0.07742426,-0.9559996,-0.28296685,0.078732, 0.9738342,-0.13334017,0.18403149,0.095335;
	}
	NAME "Bip01 L UpperArm"
	DEFAULT_POSE {1,0,0,0, 0,1,0,0, 0,0,1,0;}
	{
	  0.705786,-0.25447437,0.6611423,0.24748, 0.096907645,0.95916414,0.2657319,0.0, -0.70176584,-0.123480104,0.701625,0.0;
	  0.705786,-0.25447437,0.6611423,0.24748, 0.096907645,0.95916414,0.2657319,0.0, -0.70176584,-0.123480104,0.701625,0.0;
	  0.6977633,-0.23597488,0.676345,0.24748, 0.08488911,0.964769,0.24902785,0.0, -0.71128094,-0.11634814,0.69321203,0.0;
	  0.69065595,-0.22633097,0.68685424,0.24748, 0.088558085,0.9690857,0.23028314,0.0, -0.7177409,-0.09821991,0.6893482,0.0;
	  0.67760944,-0.21515094,0.70324606,0.24748, 0.10866003,0.9750432,0.19360566,0.0, -0.72734994,-0.05477433,0.684077,0.0;
	  0.66132903,-0.20367326,0.7219146,0.24748, 0.14004974,0.9790331,0.14791769,0.0, -0.7369054,0.0032816753,0.6759876,0.0;
	  0.6475642,-0.19548123,0.7365113,0.24748, 0.17338078,0.97898257,0.10739486,0.0, -0.74202484,0.058151856,0.6678463,0.0;
	  0.6398252,-0.19272424,0.7439631,0.24748, 0.20527373,0.97573185,0.07622403,0.0, -0.7405987,0.10394603,0.663859,0.0;
	  0.6349026,-0.19366306,0.7479256,0.24748, 0.23762393,0.970096,0.04947514,0.0, -0.73514146,0.14631313,0.6619357,0.0;
	  0.6286198,-0.19573115,0.7526797,0.24748, 0.2679739,0.9630581,0.026633888,0.0, -0.7300873,0.1849559,0.6578481,0.0;
	  0.618361,-0.1975318,0.7606652,0.24748, 0.2951402,0.9554193,0.008180402,0.0, -0.72836983,0.21944442,0.6490934,0.0;
	  0.6069479,-0.19926204,0.7693559,0.24748, 0.31995395,0.94740677,-0.007036008,0.0, -0.72749114,0.250429,0.6387813,0.0;
	  0.59831893,-0.2005709,0.7757489,0.24748, 0.3431961,0.93900836,-0.021918073,0.0, -0.7240383,0.2793479,0.63066137,0.0;
	  0.59277856,-0.19826277,0.7805802,0.24748, 0.35675824,0.93358517,-0.033799812,0.0, -0.7220368,0.2985142,0.6241411,0.0;
	  0.58952427,-0.19414562,0.78407216,0.24748, 0.3650614,0.9299331,-0.044217974,0.0, -0.7205497,0.312302,0.61909306,0.0;
	  0.5894556,-0.18922788,0.78532517,0.24748, 0.37012017,0.9273932,-0.0543478,0.0, -0.7180208,0.3227002,0.616694,0.0;
	  0.5928849,-0.1828618,0.7842501,0.24748, 0.37332118,0.92531693,-0.06647295,0.0, -0.713525,0.33218807,0.6168729,0.0;
	  0.59952724,-0.17691794,0.780556,0.24748, 0.37482896,0.9237633,-0.078520715,0.0, -0.70715696,0.33965024,0.62013495,0.0;
	  0.60966086,-0.17119125,0.7739558,0.24748, 0.36811677,0.9258698,-0.08518,0.0, -0.702,0.336837,0.6274848,0.0;
	  0.62473416,-0.16399106,0.76342326,0.24748, 0.35058793,0.93251944,-0.08658286,0.0, -0.69770783,0.32173812,0.6400697,0.0;
	  0.64324343,-0.15714726,0.74936104,0.24748, 0.3249557,0.9422239,-0.08134629,0.0, -0.69328284,0.29583472,0.6571454,0.0;
	  0.6595334,-0.15653324,0.7351948,0.24748, 0.29472676,0.9536085,-0.06135895,0.0, -0.6914841,0.25715002,0.67507184,0.0;
	  0.6722244,-0.16481493,0.7217688,0.24748, 0.25710005,0.9662014,-0.018821158,0.0, -0.6942721,0.19821885,0.6918782,0.0;
	  0.6828027,-0.1786027,0.708436,0.24748, 0.21514833,0.97581637,0.038647912,0.0, -0.69820607,0.12602991,0.7047161,0.0;
	  0.6916292,-0.19517429,0.6953823,0.24748, 0.1771987,0.97922397,0.09859836,0.0, -0.7001787,0.055027355,0.7118443,0.0;
	  0.6916292,-0.19517429,0.6953823,0.24748, 0.1771987,0.97922397,0.09859836,0.0, -0.7001787,0.055027355,0.7118443,0.0;
	  0.6916292,-0.19517429,0.6953823,0.24748, 0.1771987,0.97922397,0.09859836,0.0, -0.7001787,0.055027355,0.7118443,0.0;
	  0.70575976,-0.25436032,0.66121423,0.24748, 0.09707767,0.9592416,0.26538974,0.0, -0.70176876,-0.12311225,0.70168674,-0.0;
	}
	NAME "Bip01 L Forearm"
	DEFAULT_POSE {1,0,0,0, 0,1,0,0, 0,0,1,0;}
	{
	  0.48232102,0.875995,0.0,0.382336, -0.875995,0.48232102,0.0,-0.0, 0.0,-0.0,1.0000005,-0.0;
	  0.48232102,0.875995,0.0,0.382336, -0.875995,0.48232102,0.0,-0.0, 0.0,-0.0,1.0000005,-0.0;
	  0.58060515,0.81418604,0.0,0.382336, -0.81418604,0.58060515,0.0,-0.0, 0.0,-0.0,1.0000007,-0.0;
	  0.62198603,0.78302807,0.0,0.382336, -0.78302807,0.62198603,-0.0,-0.0, -0.0,0.0,0.99999976,-0.0;
	  0.6555909,0.755117,0.0,0.382336, -0.755117,0.6555909,0.0,-0.0, 0.0,-0.0,1.0000007,-0.0;
	  0.6833731,0.730069,0.0,0.382336, -0.730069,0.6833731,-0.0,-0.0, -0.0,0.0,0.99999976,-0.0;
	  0.7052258,0.708983,-0.0,0.382336, -0.708983,0.7052258,0.0,-0.0, 0.0,0.0,1.0000002,-0.0;
	  0.721614,0.692296,0.0,0.382336, -0.692296,0.721614,-0.0,-0.0, -0.0,0.0,1.0000002,-0.0;
	  0.73283505,0.680407,0.0,0.382335, -0.680407,0.73283505,-0.0,0.0, -0.0,0.0,1.0000005,0.0;
	  0.7384989,0.67425406,0.0,0.382335, -0.67425406,0.7384989,0.0,0.0, 0.0,-0.0,0.9999995,0.0;
	  0.73787,0.674942,0.0,0.382336, -0.674942,0.73787,0.0,0.0, 0.0,0.0,0.9999993,0.0;
	  0.73182213,0.681496,0.0,0.382335, -0.681496,0.73182213,0.0,0.0, 0.0,-0.0,1.0000002,0.0;
	  0.722263,0.691619,0.0,0.382336, -0.691619,0.722263,-0.0,0.0, -0.0,0.0,1.0000005,0.0;
	  0.70983994,0.704363,0.0,0.382336, -0.704363,0.70983994,-0.0,0.0, -0.0,0.0,1.0,0.0;
	  0.6935959,0.72036445,0.0,0.382336, -0.72036445,0.6935959,0.0,0.0, 0.0,-0.0,1.0,0.0;
	  0.6729909,0.73965096,0.0,0.382336, -0.73965096,0.6729909,-0.0,0.0, -0.0,0.0,1.0000002,0.0;
	  0.6445929,0.764526,0.0,0.382336, -0.764526,0.6445929,-0.0,0.0, -0.0,0.0,1.0,0.0;
	  0.6112009,0.791475,0.0,0.382336, -0.791475,0.6112009,0.0,0.0, 0.0,-0.0,0.9999995,0.0;
	  0.581548,0.813512,0.0,0.382335, -0.813512,0.581548,0.0,0.0, 0.0,-0.0,0.9999999,0.0;
	  0.5610421,0.8277869,0.0,0.382335, -0.8277869,0.5610421,-0.0,0.0, -0.0,0.0,0.99999964,0.0;
