SE_ANIM 0.1;

SEC_PER_FRAME 0.033333;
FRAMES 165;
ANIM_ID "besurel_skill01";

BONEENVELOPES 80
{
	NAME "Bip01"
	DEFAULT_POSE {1,0,0,0, 0,1,0,0, 0,0,1,0;}
	{
	  -0.44455272,0.8949857,0.037070483,0.0, 0.0817754,-0.00066173077,0.9966512,2.45, 0.8920126,0.4460958,-0.072892666,-0.0;
	  -0.44413716,0.89523256,0.0360651,0.0, 0.08231744,0.00068962574,0.99660563,2.45, 0.8921691,0.4455982,-0.07399988,-0.0;
	  -0.4434476,0.89561236,0.035112828,0.00438, 0.08206174,0.0015585423,0.9966262,2.452214, 0.8925358,0.44483298,-0.074186385,-0.005587;
	  -0.4434476,0.89561236,0.035112828,0.00438, 0.08206174,0.0015585423,0.9966262,2.452214, 0.8925358,0.44483298,-0.074186385,-0.005587;
	  -0.4434476,0.89561236,0.035112828,0.00924, 0.08206174,0.0015585423,0.9966262,2.45485, 0.8925358,0.44483298,-0.074186385,-0.008846;
	  -0.4495635,0.8927013,0.031254917,0.00924, 0.07874167,0.004751563,0.9968836,2.45485, 0.88977087,0.45062345,-0.07242912,-0.008846;
	  -0.4536394,0.89063317,0.031373024,0.012273, 0.076349795,0.0037662983,0.99707437,2.458969, 0.887909,0.45470765,-0.06970769,-0.00551;
	  -0.4584931,0.888137,0.03157437,0.012273, 0.07333195,0.0024018288,0.9973049,2.458969, 0.8856674,0.45957294,-0.06622976,-0.00551;
	  -0.4598207,0.8874524,0.03152412,0.013244, 0.07036257,0.0010238886,0.9975215,2.463192, 0.8852201,0.46089938,-0.06291342,0.002981;
	  -0.458696,0.8880558,0.030897796,0.013244, 0.06650621,-0.00036418438,0.9977858,2.463192, 0.8861008,0.45973518,-0.058894515,0.002981;
	  -0.45712054,0.8888699,0.030834496,0.013844, 0.062802106,-0.002323985,0.99802303,2.466786, 0.8871845,0.45815316,-0.054761052,0.014654;
	  -0.4541967,0.8903811,0.03044936,0.013844, 0.056543887,-0.0052987337,0.9983864,2.466786, 0.88910544,0.45518568,-0.047938526,0.014654;
	  -0.4514827,0.8917587,0.030495703,0.013844, 0.05291328,-0.007359147,0.9985721,2.466786, 0.8907097,0.4524518,-0.043863118,0.014654;
	  -0.4495871,0.8927417,0.029727101,0.013844, 0.047883302,-0.009145021,0.998811,2.466786, 0.8919521,0.45047602,-0.03863597,0.014654;
	  -0.44562685,0.89472175,0.029827774,0.018728, 0.046355277,-0.010212123,0.99887276,2.479385, 0.8940178,0.44650722,-0.036924362,0.037413;
	  -0.43656075,0.89918303,0.029747248,0.018728, 0.04430893,-0.011535168,0.9989517,2.479385, 0.89858323,0.43742135,-0.034805536,0.037413;
	  -0.42827636,0.90315074,0.029964864,0.02305, 0.044100285,-0.0122311115,0.9989521,2.48436, 0.90257096,0.42914897,-0.03459114,0.046336;
	  -0.41822243,0.9079286,0.027486235,0.026451, 0.04398045,-0.009983957,0.9989824,2.48482, 0.90727925,0.41900566,-0.035755694,0.047743;
	  -0.4080441,0.9126952,0.022072017,0.030809, 0.045411766,-0.003855884,0.99896073,2.481929, 0.911832,0.4086223,-0.039874017,0.045976;
	  -0.4022352,0.91549903,0.008251935,0.038419, 0.045678973,0.0110657215,0.99889463,2.474249, 0.9143959,0.40216738,-0.04627037,0.038665;
	  -0.40420842,0.9141736,-0.030036837,0.052086, 0.036706418,0.049025178,0.9981229,2.45157, 0.91393006,0.40234715,-0.053372383,0.022486;
	  -0.40541852,0.9119731,-0.06277901,0.062956, 0.03759584,0.08525276,0.99565005,2.416477, 0.9133579,0.40129492,-0.06884909,0.005944;
	  -0.3791988,0.9246484,-0.03512886,0.060864, 0.0725846,0.06757164,0.995071,2.378258, 0.92246413,0.37478012,-0.09273785,-0.011101;
	  -0.28899372,0.9573283,0.0023251474,0.045953, 0.13705873,0.038970828,0.9897963,2.344144, 0.9474691,0.28636375,-0.14247227,-0.017713;
	  -0.15529883,0.9877385,0.01597476,0.024861, 0.18046573,0.012467861,0.98350227,2.306274, 0.9712438,0.15561971,-0.18018907,-0.015823;
	  -0.10176098,0.994727,0.012758911,0.006503, 0.19263902,0.007121086,0.98124385,2.251743, 0.9759789,0.10231021,-0.19234794,-0.013093;
	  -0.1442151,0.98952353,0.006732762,-0.001759, 0.19085547,0.02113831,0.9813906,2.210199, 0.97096676,0.1428164,-0.1919043,-0.019731;
	  -0.14395243,0.98954946,-0.008253485,-0.017024, 0.17968148,0.03433764,0.9831245,2.180835, 0.9731345,0.14003947,-0.18274778,-0.031153;
	  -0.06753576,0.9977096,-0.0036388636,-0.038305, 0.17858034,0.015675545,0.98379976,2.155186, 0.98160416,0.06579119,-0.17923081,-0.045672;
	  -0.0067982674,0.9999661,0.0046429634,-0.055211, 0.17663497,-0.0033693314,0.98427063,2.13514, 0.9842529,0.0075113773,-0.17660612,-0.062028;
	  0.017164707,0.9998517,0.0014073551,-0.065878, 0.15171841,-0.0039958954,0.9884156,2.12266, 0.9882747,-0.016752332,-0.15176451,-0.076211;
	  0.033350706,0.9993991,-0.009450704,-0.073393, 0.13328391,0.0049242973,0.99106574,2.117826, 0.99051666,-0.03431222,-0.13303947,-0.088726;
	  0.05064714,0.9986845,-0.008112729,-0.080614, 0.13361847,0.0012751818,0.99103284,2.118973, 0.9897387,-0.051276177,-0.1333772,-0.095051;
	  0.06986606,0.99755394,-0.0023471713,-0.085128, 0.13171211,-0.006892085,0.99126434,2.125141, 0.9888232,-0.06956458,-0.13187116,-0.097399;
	  0.08478141,0.9963917,-0.003852278,-0.086526, 0.13266927,-0.007457137,0.9911319,2.135524, 0.98752725,-0.08454108,-0.13282323,-0.097582;
	  0.08988428,0.9959214,-0.007911831,-0.086526, 0.14117262,-0.004875958,0.98997355,2.135524, 0.9858967,-0.090099424,-0.14103448,-0.097582;
	  0.098405,0.995113,-0.008123696,-0.080293, 0.14526498,-0.0062884092,0.98937255,2.164403, 0.98448664,-0.09853953,-0.14517415,-0.087452;
	  0.098405,0.995113,-0.008123696,-0.080293, 0.14526498,-0.0062884092,0.98937255,2.164403, 0.98448664,-0.09853953,-0.14517415,-0.087452;
	  0.11749196,0.9930314,-0.009204537,-0.080293, 0.15574268,-0.009271085,0.98775434,2.164403, 0.9807855,-0.117486626,-0.15574646,-0.087452;
	  0.12652612,0.99192613,-0.008644462,-0.06895, 0.16453892,-0.012392044,0.9862932,2.212504, 0.9782224,-0.12621376,-0.16477787,-0.066687;
	  0.13010585,0.99147725,-0.006779313,-0.066475, 0.17048481,-0.015634775,0.9852365,2.22545, 0.9767333,-0.12934053,-0.17106569,-0.058972;
	  0.13175118,0.99127614,-0.003562659,-0.066475, 0.17022899,-0.019084692,0.9852194,2.22545, 0.9765568,-0.13041061,-0.17125863,-0.058972;
	  0.14033222,0.9901018,-0.0023433566,-0.062739, 0.16827318,-0.021517634,0.9855056,2.245861, 0.9757004,-0.13869235,-0.16962707,-0.047261;
	  0.15355337,0.98813987,-0.00035056472,-0.062739, 0.16144812,-0.024738908,0.9865707,2.245861, 0.9748615,-0.15154827,-0.16333246,-0.047261;
	  0.1655631,0.98619753,0.0019032359,-0.062739, 0.15279645,-0.02755785,0.98787355,2.245861, 0.9742907,-0.16326454,-0.15524983,-0.047261;
	  0.17116117,0.98523283,0.004521638,-0.062739, 0.14112619,-0.029058814,0.98956513,2.245861, 0.97508335,-0.1687369,-0.14401579,-0.047261;
	  0.1776774,0.98407257,0.0057493746,-0.05574, 0.12578556,-0.028504014,0.99164844,2.277512, 0.97601736,-0.17546967,-0.12884617,-0.037663;
	  0.1776774,0.98407257,0.0057493746,-0.058243, 0.12578556,-0.028504014,0.99164844,2.286307, 0.97601736,-0.17546967,-0.12884617,-0.033072;
	  0.18819797,0.9820717,0.010740757,-0.064888, 0.081707776,-0.026554942,0.996302,2.296847, 0.97872573,-0.18662503,-0.08524096,-0.025812;
	  0.18747878,0.9821784,0.013299167,-0.064888, 0.061692417,-0.025286436,0.9977746,2.296847, 0.98032916,-0.18624136,-0.06533378,-0.025812;
	  0.17931163,0.9836758,0.015148133,-0.079223, 0.04256469,-0.02314037,0.9988258,2.318156, 0.9828712,-0.17845622,-0.046019137,-0.009011;
	  0.16002941,0.9869718,0.016654313,-0.079223, 0.024972737,-0.020914316,0.9994694,2.318156, 0.9867963,-0.15952864,-0.027994275,-0.009011;
	  0.13263822,0.99101275,0.017345488,-0.088163, 0.015428722,-0.019562364,0.9996896,2.330954, 0.99104446,-0.13232943,-0.01788479,0.006761;
	  0.11413443,0.9933138,0.017362118,-0.088163, 0.008393854,-0.01843965,0.99979496,2.330954, 0.99343014,-0.113965034,-0.010442138,0.006761;
	  0.10213518,0.99462456,0.01706642,-0.099071, 0.0029995441,-0.017463624,0.99984336,2.356122, 0.9947664,-0.10206756,-0.0047667027,0.025054;
	  0.083193064,0.99639285,0.01670286,-0.102008, -0.00033316016,-0.016733646,0.99985933,2.3697, 0.9965328,-0.08318755,-0.0010606647,0.036903;
	  0.0563128,0.998286,0.015916854,-0.102904, -0.005664021,-0.015622735,0.9998616,2.379375, 0.9983969,-0.05639541,0.004774332,0.047273;
	  0.02859044,0.99948037,0.014918566,-0.102093, -0.009808689,-0.014642954,0.9998451,2.38584, 0.99954355,-0.028731883,0.009385347,0.056161;
	  0.00829792,0.9998542,0.014900029,-0.099856, -0.0068098307,-0.01484406,0.9998663,2.390059, 0.999942,-0.008398712,0.006685257,0.06685;
	  -0.0009851456,0.9998896,0.014796436,-0.099856, -0.005208403,-0.0148018,0.99987644,2.390059, 0.9999855,0.0009074807,0.005221963,0.06685;
	  -0.005475521,0.99986494,0.015523732,-0.093868, 0.00063595176,-0.015519977,0.99987984,2.399431, 0.9999853,0.005485207,-0.0005503893,0.08482;
	  -0.0066411495,0.99983,0.017222852,-0.08924, 0.011325002,-0.017146587,0.99978924,2.407518, 0.99991417,0.0068352222,-0.011208773,0.094458;
	  -0.0015971661,0.9998239,0.018706948,-0.083335, 0.02129808,-0.018668592,0.999599,2.418188, 0.9997721,0.0019950569,-0.021264374,0.104991;
	  0.0036735535,0.9998075,0.019289821,-0.083335, 0.026920527,-0.019381523,0.99945,2.418188, 0.99963117,-0.0031519532,-0.026986241,0.104991;
	  0.0067489147,0.9997761,0.020063639,-0.065168, 0.03364098,-0.020279646,0.99922836,2.43895, 0.99941134,-0.0060685873,-0.033770084,0.125436;
	  0.010609388,0.9997289,0.020700902,-0.055618, 0.040167093,-0.021111965,0.99896944,2.446292, 0.9991361,-0.009767562,-0.040380716,0.135636;
	  0.017156601,0.9996419,0.02053675,-0.046623, 0.043886065,-0.021272898,0.99881005,2.450834, 0.9988892,-0.016234994,-0.04423529,0.144456;
	  0.021968484,0.99954736,0.020558089,-0.038504, 0.049874634,-0.021633029,0.99852127,2.453202, 0.99851394,-0.020910561,-0.05032718,0.151717;
	  0.022977829,0.99953353,0.020104825,-0.031033, 0.053426355,-0.021309257,0.9983442,2.45394, 0.99830717,-0.021865845,-0.0538913,0.156733;
	  0.016792297,0.99967027,0.019371659,-0.031033, 0.05411765,-0.020255804,0.9983281,2.45394, 0.99839234,-0.01571694,-0.054440975,0.156733;
	  0.008292317,0.9997967,0.018407732,-0.019183, 0.053604305,-0.01882577,0.9983853,2.455438, 0.99852836,-0.0072917044,-0.053748965,0.160614;
	  -0.0035762787,0.9998456,0.01723072,-0.014919, 0.05153641,-0.017023146,0.9985265,2.455983, 0.9986652,0.00445956,-0.05146706,0.159389;
	  -0.019747257,0.9996828,0.015610516,-0.010847, 0.046416312,-0.014680505,0.99881387,2.455478, 0.99872655,0.020448059,-0.04611206,0.155444;
	  -0.03663838,0.9992274,0.014243156,-0.007198, 0.043284506,-0.012652159,0.998983,2.453264, 0.99839115,0.037217945,-0.042787194,0.150388;
	  -0.051404417,0.99859583,0.012817651,-0.004633, 0.04079315,-0.010724068,0.9991102,2.449547, 0.9978447,0.05188176,-0.04018438,0.143159;
	  -0.073581874,0.99723756,0.010104775,0.000662, 0.030419469,-0.007883668,0.9995057,2.443888, 0.99682474,0.07385248,-0.02975583,0.130575;
	  -0.10620868,0.99433076,0.00516513,0.010365, 0.009665281,-0.0041615963,0.9999449,2.432136, 0.99429715,0.10625303,-0.009168148,0.106684;
	  -0.1585998,0.98734266,0.0005828142,0.024803, -0.007253349,-0.0017555356,0.999972,2.406503, 0.9873162,0.158591,0.0074398518,0.066229;
	  -0.2059766,0.97845936,0.01380524,0.033562, 0.0019773543,-0.013691843,0.99990404,2.365631, 0.9785547,0.20598388,0.00088500977,0.010551;
	  -0.19029224,0.9811783,0.032821774,0.031347, 0.07429576,-0.018944323,0.9970559,2.319559, 0.97891176,0.19217017,-0.06929302,-0.05129;
	  -0.08582854,0.9957279,0.03405249,0.019593, 0.160615,-0.019903183,0.9868165,2.278506, 0.9832784,0.09016645,-0.15822047,-0.102615;
	  0.015280366,0.99907136,0.040289015,0.008722, 0.21903268,-0.04265952,0.9747846,2.242782, 0.975598,-0.006070316,-0.21948099,-0.14492;
	  0.049697638,0.9980242,0.038431942,0.012028, 0.20153674,-0.047709227,0.978318,2.218674, 0.978219,-0.040874958,-0.20350999,-0.191375;
	  0.0108162165,0.99983096,0.014850944,0.014717, 0.1575341,-0.016370416,0.98737764,2.202798, 0.98745406,-0.008340389,-0.1576848,-0.229461;
	  -0.02551347,0.9996473,-0.007394105,0.013567, 0.12793976,0.010601044,0.9917255,2.189471, 0.9914539,0.024356544,-0.12816489,-0.264212;
	  -0.025470734,0.9996577,-0.00586918,0.011192, 0.12016231,0.0088893175,0.9927138,2.177222, 0.99242675,0.024579197,-0.120348334,-0.295871;
	  -0.04011178,0.9991915,-0.0028772354,0.01018, 0.11119953,0.007326126,0.99377155,2.167066, 0.9929887,0.039542437,-0.11140299,-0.318249;
	  -0.06441462,0.99792075,-0.0021972358,0.008088, 0.10877904,0.009210229,0.9940233,2.160188, 0.99197674,0.06379068,-0.10914612,-0.327893;
	  -0.07921946,0.9968568,-0.00021183491,0.002031, 0.12649027,0.01026237,0.99191433,2.154555, 0.98879915,0.07855171,-0.12690616,-0.329224;
	  -0.07586908,0.99711657,0.0015979111,-0.003599, 0.15440837,0.010165572,0.9879549,2.146417, 0.9850899,0.07520205,-0.15473431,-0.324853;
	  -0.06600851,0.99781907,8.696318E-05,-0.010607, 0.17272994,0.011340737,0.98490393,2.137513, 0.98275495,0.06502709,-0.17310178,-0.318179;
	  -0.06513548,0.9978735,-0.0024352372,-0.010607, 0.18931943,0.014753699,0.9818047,2.137513, 0.9797528,0.06348929,-0.18987781,-0.318179;
	  -0.06378043,0.9979609,-0.002284646,-0.024215, 0.20797816,0.015530348,0.9780097,2.125614, 0.97605133,0.061902314,-0.20854521,-0.302055;
	  -0.05992496,0.9982023,0.0010702014,-0.028293, 0.2197977,0.012149334,0.9754699,2.122647, 0.97370327,0.05869025,-0.22013056,-0.295459;
	  -0.058843017,0.99822986,0.008618355,-0.030881, 0.22703817,0.0049749613,0.9738729,2.123353, 0.97210634,0.059262127,-0.2269293,-0.289428;
	  -0.05696976,0.9982595,0.0152724385,-0.032788, 0.23255652,-0.0016072989,0.972582,2.123749, 0.97091335,0.05895993,-0.2320596,-0.286758;
	  -0.04742402,0.9987097,0.018150866,-0.033564, 0.2355642,-0.006476879,0.97183704,2.125971, 0.9707008,0.050363928,-0.2349534,-0.286977;
	  -0.037835956,0.9991069,0.018819004,-0.032636, 0.23417917,-0.009442806,0.9721477,2.131361, 0.971457,0.041189313,-0.2336126,-0.287952;
	  -0.033495545,0.99933517,0.014363587,-0.030059, 0.2256558,-0.006439209,0.97418535,2.136707, 0.9736306,0.035871655,-0.22529066,-0.292098;
	  -0.040423036,0.9991497,0.008141279,-0.02861, 0.21697831,0.00082457066,0.97617626,2.142263, 0.9753393,0.041226715,-0.21682686,-0.299846;
	  -0.04707849,0.9988655,0.007175684,-0.027726, 0.20750359,0.0027525425,0.9782304,2.151003, 0.9771008,0.04754263,-0.2073977,-0.309174;
	  -0.04707849,0.9988655,0.007175684,-0.028548, 0.20750359,0.0027525425,0.9782304,2.162072, 0.9771008,0.04754263,-0.2073977,-0.320903;
	  -0.03541231,0.9992142,0.017824233,-0.031432, 0.18169585,-0.011100531,0.98329246,2.177733, 0.9827172,0.038059503,-0.18115962,-0.33598;
	  -0.027134955,0.9993423,0.024058342,-0.037505, 0.16093877,-0.019385755,0.986774,2.198797, 0.98659134,0.030648053,-0.16030681,-0.347639;
	  -0.011152267,0.99966776,0.023247868,-0.044123, 0.1464453,-0.021365523,0.98898816,2.215985, 0.9891561,0.014434189,-0.1461581,-0.353415;
	  -0.003943205,0.9998454,0.0171853,-0.048227, 0.14471957,-0.016432881,0.9893371,2.226677, 0.9894657,0.0063891113,-0.14463139,-0.353053;
	  -0.0009860992,0.99992484,0.012213588,-0.05256, 0.15798217,-0.011904597,0.98737013,2.230588, 0.98744136,0.002903074,-0.15795863,-0.345523;
	  0.00748682,0.9999706,0.0013055205,-0.058961, 0.17717439,-0.0026119947,0.9841755,2.226639, 0.98415047,-0.0071374774,-0.17718929,-0.334197;
	  0.015677452,0.99973893,-0.01659733,-0.069116, 0.19474414,0.01322794,0.9807644,2.218262, 0.9807283,-0.01860854,-0.19448638,-0.322397;
	  0.007139683,0.9994457,-0.032510072,-0.082104, 0.19789025,0.03045559,0.97975075,2.207931, 0.980198,-0.013428748,-0.19756335,-0.313996;
	  -0.022306442,0.9989892,-0.03903401,-0.092091, 0.18944678,0.042560577,0.9809686,2.197744, 0.98163795,0.014487416,-0.1902042,-0.312342;
	  -0.037616253,0.99877226,-0.03223273,-0.094839, 0.20175079,0.03918183,0.97865283,2.194933, 0.9787142,0.030310184,-0.20297694,-0.313568;
	  -0.0380646,0.9990096,-0.023063779,-0.091899, 0.21252143,0.030646324,0.9766763,2.19754, 0.9764153,0.032275736,-0.21347684,-0.315422;
	  -0.044725657,0.99888206,-0.015293092,-0.079368, 0.20552108,0.02418089,0.97835374,2.200191, 0.97763,0.040614247,-0.20637304,-0.320863;
	  -0.0663991,0.9977789,-0.005373031,-0.060137, 0.19582304,0.0183115,0.9804686,2.204823, 0.978389,0.06405038,-0.19660366,-0.329164;
	  -0.089235306,0.9960012,0.0044264197,-0.040641, 0.19124776,0.012773395,0.9814592,2.208995, 0.9774775,0.08842784,-0.1916222,-0.339127;
	  -0.09152746,0.99573976,0.011225373,-0.024078, 0.18966824,0.006366253,0.98182815,2.212191, 0.9775734,0.09199387,-0.18944228,-0.347422;
	  -0.07412726,0.99703306,0.020759255,-0.014198, 0.18577689,-0.0066455603,0.9825699,2.215598, 0.97979224,0.076692164,-0.18473256,-0.351245;
	  -0.051386,0.99839175,0.023980618,-0.009071, 0.18544713,-0.014054477,0.98255455,2.217597, 0.9813106,0.054937452,-0.18442565,-0.348189;
	  -0.032399416,0.9992019,0.023363888,-0.007729, 0.19571224,-0.016581059,0.98052114,2.217151, 0.98012596,0.036340892,-0.19501883,-0.336079;
	  -0.010994673,0.9997386,0.020061314,-0.009297, 0.2106514,-0.017296195,0.9774085,2.213365, 0.9774997,0.014972478,-0.21040583,-0.31533;
	  0.016865253,0.9997183,0.016725838,-0.012733, 0.23236772,-0.02018857,0.9724189,2.206079, 0.97248226,-0.012513101,-0.23264217,-0.289121;
	  0.04003024,0.99912703,0.0119457245,-0.012532, 0.25693095,-0.021845877,0.96618277,2.195189, 0.9656003,-0.03560728,-0.25758123,-0.26053;
	  0.044192433,0.99899054,0.008081883,-0.005344, 0.27752352,-0.020047188,0.9605099,2.185517, 0.95970213,-0.040204197,-0.2781291,-0.234758;
	  0.0285393,0.9995574,0.008342147,0.012576, 0.29014063,-0.01627028,0.95684516,2.1829, 0.95655787,-0.02488777,-0.29047716,-0.212988;
	  -0.0009357929,0.9998997,0.014117062,0.041473, 0.29265326,-0.013225436,0.9561269,2.188642, 0.95621794,0.0050258934,-0.29261184,-0.196229;
	  -0.04551828,0.9986713,0.024153829,0.079561, 0.28694475,-0.010089278,0.9578938,2.201929, 0.9568649,0.05053228,-0.28610444,-0.18514;
	  -0.09844923,0.9944992,0.03577292,0.121877, 0.2709998,-0.00779593,0.9625482,2.220245, 0.957532,0.10445684,-0.26874107,-0.180478;
	  -0.15087497,0.987386,0.04801184,0.165444, 0.24943903,-0.008971691,0.9683486,2.243829, 0.95656484,0.15807536,-0.24493945,-0.181356;
	  -0.2042607,0.97721076,0.057757676,0.204587, 0.22555828,-0.010431528,0.97417337,2.26879, 0.9525756,0.21201271,-0.21828789,-0.184945;
	  -0.25812626,0.96421254,0.060535014,0.231712, 0.19913647,-0.008212388,0.9799371,2.290098, 0.945365,0.26500204,-0.1898905,-0.191123;
	  -0.30064505,0.95205206,0.056648105,0.249556, 0.18269497,-0.0008074045,0.983169,2.307972, 0.93607414,0.305934,-0.17369282,-0.197471;
	  -0.32871938,0.9428518,0.054534644,0.25813, 0.17565525,0.0043008327,0.98444235,2.323457, 0.9279487,0.3331846,-0.16703069,-0.201934;
	  -0.340827,0.938738,0.051066875,0.257709, 0.16634801,0.006755352,0.9860438,2.334531, 0.9252919,0.34456506,-0.15845978,-0.205443;
	  -0.33792436,0.9402183,0.04239005,0.250995, 0.1579257,0.012244225,0.98737526,2.342085, 0.92782915,0.34035274,-0.15262198,-0.207747;
	  -0.3287902,0.94370866,0.03621456,0.238621, 0.15069032,0.014568925,0.9884741,2.347401, 0.93230355,0.330458,-0.14699733,-0.209761;
	  -0.31453943,0.94858336,0.03541985,0.220495, 0.15281665,0.013774633,0.9881585,2.351083, 0.9368628,0.3162275,-0.14929199,-0.211044;
	  -0.30635232,0.9511803,0.037480265,0.194809, 0.15153772,0.009860039,0.98840266,2.352556, 0.9397793,0.30847937,-0.14715981,-0.214036;
	  -0.30540532,0.9513898,0.039807588,0.164252, 0.14936522,0.0065760612,0.9887599,2.352611, 0.9404346,0.3079181,-0.14411342,-0.219313;
	  -0.31076205,0.94958764,0.041348726,0.164252, 0.14726537,0.005125046,0.9890834,2.352611, 0.9390098,0.3134586,-0.14143461,-0.219313;
	  -0.31879193,0.94687474,0.042425722,0.101201, 0.14942122,0.006004572,0.98875546,2.350482, 0.9359728,0.32154658,-0.14339739,-0.237579;
	  -0.32888114,0.943328,0.044378787,0.074142, 0.15700397,0.008278012,0.9875634,2.351346, 0.93122876,0.33175865,-0.1508286,-0.247606;
	  -0.34431732,0.93755925,0.049269587,0.051974, 0.17198074,0.01139462,0.9850338,2.355416, 0.9229666,0.34763724,-0.16516638,-0.254678;
	  -0.3656479,0.9291811,0.054072738,0.034859, 0.1840829,0.015246868,0.98279226,2.362639, 0.9123677,0.3693097,-0.17662162,-0.259316;
	  -0.39039642,0.9188678,0.057207823,0.024026, 0.19034123,0.019761443,0.9815192,2.369965, 0.9007558,0.3940707,-0.18261296,-0.261232;
	  -0.4137299,0.9084561,0.059458464,0.018316, 0.19461396,0.024452806,0.9805752,2.376508, 0.8893554,0.41726482,-0.18691486,-0.260837;
	  -0.4394549,0.89614767,0.06163308,0.016144, 0.19278938,0.027080774,0.9808663,2.382336, 0.8773321,0.44292867,-0.18466872,-0.259089;
	  -0.4394549,0.89614767,0.06163308,0.016144, 0.19278938,0.027080774,0.9808663,2.382336, 0.8773321,0.44292867,-0.18466872,-0.259089;
	  -0.48586243,0.8717686,0.06290674,0.0179, 0.18325749,0.031232834,0.9825687,2.393188, 0.85460776,0.48892134,-0.17493296,-0.250041;
	  -0.51028717,0.85757387,0.064603716,0.020517, 0.17728317,0.03138709,0.98365873,2.399744, 0.8415327,0.5134013,-0.16805065,-0.242987;
	  -0.53142434,0.84461915,0.06485987,0.024933, 0.17046085,0.031623006,0.98485696,2.406117, 0.8297779,0.534433,-0.1607796,-0.232994;
	  -0.5506517,0.8322286,0.06463763,0.024933, 0.1623205,0.030799866,0.986257,2.406117, 0.8188007,0.55357605,-0.15204811,-0.232994;
	  -0.5676081,0.82089067,0.06292206,0.035851, 0.1507043,0.028460622,0.98816884,2.418401, 0.80938804,0.5703752,-0.13986671,-0.206616;
	  -0.5800156,0.812238,0.062060237,0.039813, 0.13986006,0.024240613,0.9898746,2.423635, 0.80250925,0.58282244,-0.12765956,-0.190193;
	  -0.5857703,0.808077,0.06232786,0.043258, 0.130057,0.017813921,0.9913465,2.429946, 0.79997396,0.58880746,-0.11553097,-0.170671;
	  -0.5835203,0.8096032,0.06361562,0.043311, 0.1217418,0.0097574,0.99251413,2.435942, 0.80292165,0.5868969,-0.104255795,-0.148314;
	  -0.5741005,0.816483,0.06135413,0.042014, 0.11094102,0.003327012,0.9938216,2.440764, 0.8112341,0.5773603,-0.09249115,-0.125362;
	  -0.5558306,0.82950115,0.0545882,0.042014, 0.10106471,0.0022495985,0.99487704,2.440764, 0.8251291,0.5584999,-0.0850842,-0.125362;
	  -0.5319069,0.84534484,0.04967159,0.036912, 0.09550011,0.0016002655,0.99542826,2.447194, 0.84140056,0.53421885,-0.08158153,-0.082495;
	  -0.5087728,0.8596939,0.045566916,0.033315, 0.090912074,0.0010179281,0.9958581,2.449247, 0.85608697,0.5108079,-0.07867503,-0.063402;
	  -0.49215877,0.8694836,0.04216799,0.029274, 0.08600047,0.00036144257,0.9962951,2.450565, 0.86624694,0.4939619,-0.074953675,-0.04665;
	  -0.49215877,0.8694836,0.04216799,0.023721, 0.08600047,0.00036144257,0.9962951,2.451133, 0.86624694,0.4939619,-0.074953675,-0.031462;
	  -0.47032923,0.881657,0.038357288,0.016705, 0.08022103,-0.0005710721,0.9967768,2.451085, 0.8788372,0.47189024,-0.07045901,-0.018485;
	  -0.45700848,0.88867116,0.03750968,0.008395, 0.08049378,-0.00067675114,0.99675506,2.450638, 0.88581276,0.4585449,-0.0712229,-0.008049;
	  -0.44455272,0.8949857,0.037070483,0.0, 0.0817754,-0.00066173077,0.9966512,2.45, 0.8920126,0.4460958,-0.072892666,-0.0;
	}
	NAME "Bip01 Pelvis"
	DEFAULT_POSE {1,0,0,0, 0,1,0,0, 0,0,1,0;}
	{
	  -3.5762787E-07,0.99999964,-9.834766E-07,-0.0, -0.019370317,5.9604645E-07,0.999812,0.0, 0.999812,2.9802322E-08,0.01936996,-0.0;
	  -3.5762787E-07,0.99999964,-9.834766E-07,-0.0, -0.019370317,5.9604645E-07,0.999812,0.0, 0.999812,2.9802322E-08,0.01936996,-0.0;
	  -3.5762787E-07,0.99999964,-9.834766E-07,-0.0, -0.019370317,5.9604645E-07,0.999812,0.0, 0.999812,2.9802322E-08,0.01936996,-0.0;
	  2.3841858E-07,1.0000002,-9.834766E-07,-0.0, -0.024543732,1.1920929E-06,0.999699,0.0, 0.999699,2.9802322E-08,0.024544,-0.0;
	  -2.3841858E-07,0.99999964,-1.1026859E-06,-0.0, -0.026557297,7.1525574E-07,0.99964696,0.0, 0.9996469,-5.9604645E-08,0.026556969,-0.0;
	  -2.3841858E-07,0.99999964,-1.1026859E-06,-0.0, -0.026557297,7.1525574E-07,0.99964696,0.0, 0.9996469,-5.9604645E-08,0.026556969,-0.0;
	  -2.3841858E-07,0.99999964,-1.1026859E-06,-0.0, -0.026557297,7.1525574E-07,0.99964696,0.0, 0.9996469,-5.9604645E-08,0.026556969,-0.0;
	  2.3841858E-07,1.0000002,-9.536743E-07,-0.0, -0.039771765,1.1920929E-06,0.99920905,0.0, 0.99920905,1.1920929E-07,0.039772034,-0.0;
	  -1.1920929E-07,0.9999998,-1.0430813E-06,-0.0, -0.044008195,8.34465E-07,0.99903095,0.0, 0.99903095,0.0,0.044008017,-0.0;
	  2.3841858E-07,1.0000002,-9.834766E-07,-0.0, -0.04856783,1.1920929E-06,0.99882007,0.0, 0.99882007,2.9802322E-08,0.04856801,-0.0;
	  -1.1920929E-07,0.9999999,-9.536743E-07,-0.0, -0.054382086,8.34465E-07,0.99852,0.0, 0.9985201,2.9802322E-08,0.054381967,-0.0;
	  -2.3841858E-07,0.9999997,-9.536743E-07,-0.0, -0.060415328,7.1525574E-07,0.998173,0.0, 0.998173,2.9802322E-08,0.06041503,-0.0;
	  0.0,1.0,-9.536743E-07,-0.0, -0.06643194,9.536743E-07,0.99779105,0.0, 0.997791,2.9802322E-08,0.066432,-0.0;
	  0.0,0.9999999,-1.0430813E-06,-0.0, -0.07060906,9.536743E-07,0.997504,0.0, 0.997504,2.9802322E-08,0.07060897,-0.0;
	  2.3841858E-07,1.0000002,-1.013279E-06,-0.0, -0.07404673,1.1920929E-06,0.99725497,0.0, 0.99725497,-2.9802322E-08,0.07404685,-0.0;
	  1.1920929E-07,0.99999994,-1.013279E-06,-0.0, -0.07675499,9.536743E-07,0.9970499,0.0, 0.99705,-2.9802322E-08,0.07675505,-0.0;
	  0.0,0.99999994,-9.536743E-07,-0.0, -0.076974094,9.536743E-07,0.99703306,0.0, 0.99703306,5.9604645E-08,0.07697415,-0.0;
	  1.1920929E-07,1.0,-9.834766E-07,-0.0, -0.074178874,1.0728836E-06,0.9972451,0.0, 0.9972451,8.940697E-08,0.074178934,-0.0;
	  2.3841858E-07,1.0000004,-8.940697E-07,-0.0, -0.06449869,1.1920929E-06,0.9979181,0.0, 0.9979181,8.940697E-08,0.06449902,-0.0;
	  -3.5762787E-07,0.9999995,-1.013279E-06,-0.0, -0.045586318,5.9604645E-07,0.99896,0.0, 0.99895996,-2.9802322E-08,0.04558587,-0.0;
	  -3.5762787E-07,0.99999976,-9.23872E-07,-0.0, -0.005233288,7.1525574E-07,0.99998605,0.0, 0.99998605,8.940697E-08,0.0052330494,-0.0;
	  -2.3841858E-07,0.9999997,-9.834766E-07,-0.0, 0.031419337,7.1525574E-07,0.999506,0.0, 0.999506,-5.9604645E-08,-0.031419635,-0.0;
	  4.7683716E-07,1.0000004,-9.834766E-07,-0.0, 0.031534642,1.4305115E-06,0.9995031,0.0, 0.999503,-5.9604645E-08,-0.031534255,-0.0;
	  4.7683716E-07,1.0000004,-9.834766E-07,-0.0, 0.031534642,1.4305115E-06,0.9995031,0.0, 0.999503,-5.9604645E-08,-0.031534255,-0.0;
	  4.7683716E-07,1.0000004,-9.834766E-07,-0.0, 0.031534642,1.4305115E-06,0.9995031,0.0, 0.999503,-5.9604645E-08,-0.031534255,-0.0;
	  4.7683716E-07,1.0000004,-9.834766E-07,-0.0, 0.031534642,1.4305115E-06,0.9995031,0.0, 0.999503,-5.9604645E-08,-0.031534255,-0.0;
	  4.7683716E-07,1.0000004,-9.834766E-07,-0.0, 0.031534642,1.4305115E-06,0.9995031,0.0, 0.999503,-5.9604645E-08,-0.031534255,-0.0;
	  4.7683716E-07,1.0000004,-9.834766E-07,-0.0, 0.031534642,1.4305115E-06,0.9995031,0.0, 0.999503,-5.9604645E-08,-0.031534255,-0.0;
	  4.7683716E-07,1.0000004,-9.834766E-07,-0.0, 0.031534642,1.4305115E-06,0.9995031,0.0, 0.999503,-5.9604645E-08,-0.031534255,-0.0;
	  4.7683716E-07,1.0000004,-9.834766E-07,-0.0, 0.031534642,1.4305115E-06,0.9995031,0.0, 0.999503,-5.9604645E-08,-0.031534255,-0.0;
	  4.7683716E-07,1.0000004,-9.834766E-07,-0.0, 0.031534642,1.4305115E-06,0.9995031,0.0, 0.999503,-5.9604645E-08,-0.031534255,-0.0;
	  4.7683716E-07,1.0000004,-9.834766E-07,-0.0, 0.031534642,1.4305115E-06,0.9995031,0.0, 0.999503,-5.9604645E-08,-0.031534255,-0.0;
	  4.7683716E-07,1.0000004,-9.834766E-07,-0.0, 0.031534642,1.4305115E-06,0.9995031,0.0, 0.999503,-5.9604645E-08,-0.031534255,-0.0;
	  4.7683716E-07,1.0000004,-9.834766E-07,-0.0, 0.031534642,1.4305115E-06,0.9995031,0.0, 0.999503,-5.9604645E-08,-0.031534255,-0.0;
	  4.7683716E-07,1.0000004,-9.834766E-07,-0.0, 0.031534642,1.4305115E-06,0.9995031,0.0, 0.999503,-5.9604645E-08,-0.031534255,-0.0;
	  4.7683716E-07,1.0000004,-9.834766E-07,-0.0, 0.031534642,1.4305115E-06,0.9995031,0.0, 0.999503,-5.9604645E-08,-0.031534255,-0.0;
	  4.7683716E-07,1.0000004,-9.834766E-07,-0.0, 0.031534642,1.4305115E-06,0.9995031,0.0, 0.999503,-5.9604645E-08,-0.031534255,-0.0;
	  4.7683716E-07,1.0000004,-9.834766E-07,-0.0, 0.031534642,1.4305115E-06,0.9995031,0.0, 0.999503,-5.9604645E-08,-0.031534255,-0.0;
	  4.7683716E-07,1.0000004,-9.834766E-07,-0.0, 0.031534642,1.4305115E-06,0.9995031,0.0, 0.999503,-5.9604645E-08,-0.031534255,-0.0;
	  4.7683716E-07,1.0000004,-9.834766E-07,-0.0, 0.031534642,1.4305115E-06,0.9995031,0.0, 0.999503,-5.9604645E-08,-0.031534255,-0.0;
	  4.7683716E-07,1.0000004,-9.834766E-07,-0.0, 0.031534642,1.4305115E-06,0.9995031,0.0, 0.999503,-5.9604645E-08,-0.031534255,-0.0;
	  -2.3841858E-07,0.99999964,-8.940697E-07,-0.0, 0.030150384,5.9604645E-07,0.9995451,0.0, 0.9995451,-8.940697E-08,-0.030150652,-0.0;
	  2.3841858E-07,1.0000002,-9.834766E-07,-0.0, 0.028286844,1.1920929E-06,0.99960005,0.0, 0.99960005,-5.9604645E-08,-0.028286576,-0.0;
	  2.3841858E-07,1.0000002,-9.834766E-07,-0.0, 0.027645648,1.1920929E-06,0.99961805,0.0, 0.99961805,-2.9802322E-08,-0.02764535,-0.0;
	  2.3841858E-07,1.0000002,-9.834766E-07,-0.0, 0.028322875,1.1920929E-06,0.999599,0.0, 0.999599,-2.9802322E-08,-0.028322697,-0.0;
	  1.1920929E-07,1.0000001,-9.834766E-07,-0.0, 0.028914839,1.1920929E-06,0.999582,0.0, 0.99958205,-5.9604645E-08,-0.02891469,-0.0;
	  -1.1920929E-07,0.9999999,-9.834766E-07,-0.0, 0.027739167,8.34465E-07,0.9996151,0.0, 0.9996151,-2.9802322E-08,-0.027739286,-0.0;
	  4.7683716E-07,1.0000005,-9.834766E-07,-0.0, 0.026697546,1.4305115E-06,0.99964404,0.0, 0.99964404,-2.9802322E-08,-0.0266971,-0.0;
	  4.7683716E-07,1.0000004,-9.834766E-07,-0.0, 0.026470512,1.4305115E-06,0.99965,0.0, 0.99965,-5.9604645E-08,-0.026470065,-0.0;
	  -4.7683716E-07,0.9999996,-1.1026859E-06,-0.0, 0.024192393,7.1525574E-07,0.99970686,0.0, 0.99970686,8.940697E-08,-0.02419281,-0.0;
	  1.1920929E-07,1.0000001,-9.834766E-07,-0.0, 0.021726876,1.0728836E-06,0.9997641,0.0, 0.9997641,-2.9802322E-08,-0.021726787,-0.0;
	  1.1920929E-07,1.0000001,-9.834766E-07,-0.0, 0.021726876,1.0728836E-06,0.9997641,0.0, 0.9997641,-2.9802322E-08,-0.021726787,-0.0;
	  0.0,1.0,-1.0430813E-06,-0.0, 0.013712972,1.0728836E-06,0.99990594,0.0, 0.99990594,2.9802322E-08,-0.013712943,-0.0;
	  4.7683716E-07,1.0000004,-9.23872E-07,-0.0, 0.013946623,1.3113022E-06,0.9999031,0.0, 0.9999031,-8.940697E-08,-0.013946295,-0.0;
	  3.5762787E-07,0.99999994,-1.6093254E-06,-0.0, 0.008660018,1.5497208E-06,0.99996245,0.0, 0.9999624,-4.4703484E-07,-0.008660078,-0.0;
	  1.1920929E-07,1.0,-8.940697E-07,-0.0, 0.00017696619,9.536743E-07,1.0,0.0, 1.0,-5.9604645E-08,-0.00017690659,-0.0;
	  -4.7683716E-07,0.9999995,-1.0430813E-06,-0.0, -0.004366547,4.7683716E-07,0.99999,0.0, 0.99999,-2.9802322E-08,0.00436604,-0.0;
	  3.5762787E-07,1.0000004,-9.834766E-07,-0.0, -0.0075286627,1.3113022E-06,0.999972,0.0, 0.999972,2.9802322E-08,0.0075290203,-0.0;
	  2.3841858E-07,1.0000002,-9.834766E-07,-0.0, -0.014222741,1.1920929E-06,0.9998991,0.0, 0.99989915,5.9604645E-08,0.01422298,-0.0;
	  3.5762787E-07,1.0000002,-1.1026859E-06,-0.0, -0.016266644,1.3113022E-06,0.9998679,0.0, 0.9998679,-8.940697E-08,0.016266823,-0.0;
	  1.1920929E-07,1.0000002,-9.23872E-07,-0.0, -0.012662768,1.1920929E-06,0.99992007,0.0, 0.99992,1.1920929E-07,0.012663007,-0.0;
	  1.1920929E-07,1.0000002,-9.23872E-07,-0.0, -0.012662768,1.1920929E-06,0.99992007,0.0, 0.99992,1.1920929E-07,0.012663007,-0.0;
	  1.1920929E-07,1.0000002,-9.23872E-07,-0.0, -0.012662768,1.1920929E-06,0.99992007,0.0, 0.99992,1.1920929E-07,0.012663007,-0.0;
	  -4.7683716E-07,0.99999964,-9.23872E-07,-0.0, -0.0010733604,5.9604645E-07,0.99999905,0.0, 0.99999905,8.940697E-08,0.0010730028,-0.0;
	  -4.7683716E-07,0.99999964,-9.23872E-07,-0.0, -0.0010733604,5.9604645E-07,0.99999905,0.0, 0.99999905,8.940697E-08,0.0010730028,-0.0;
	  3.5762787E-07,1.0000004,-9.536743E-07,-0.0, 0.0095226765,1.3113022E-06,0.99995506,0.0, 0.99995506,0.0,-0.009522319,-0.0;
	  -4.7683716E-07,0.9999995,-1.0430813E-06,-0.0, 0.013537496,5.9604645E-07,0.99990785,0.0, 0.99990785,2.9802322E-08,-0.013537943,-0.0;
	  0.0,1.0,-9.834766E-07,-0.0, 0.016120076,9.536743E-07,0.99987006,0.0, 0.99987006,-2.9802322E-08,-0.016120076,-0.0;
	  -4.7683716E-07,0.99999964,-1.0430813E-06,-0.0, 0.018843442,5.9604645E-07,0.999822,0.0, 0.999822,0.0,-0.01884389,-0.0;
	  -4.7683716E-07,0.99999964,-1.0430813E-06,-0.0, 0.018843442,5.9604645E-07,0.999822,0.0, 0.999822,0.0,-0.01884389,-0.0;
	  1.1920929E-07,1.0,-9.23872E-07,-0.0, 0.025994986,9.536743E-07,0.9996621,0.0, 0.99966204,-1.1920929E-07,-0.025995016,-0.0;
	  -1.7881393E-07,0.99999976,-9.23872E-07,-0.0, 0.029242367,7.1525574E-07,0.99957216,0.0, 0.99957216,-8.940697E-08,-0.029242575,-0.0;
	  -2.9802322E-07,0.99999976,-1.0430813E-06,-0.0, 0.031165242,7.1525574E-07,0.999514,0.0, 0.999514,0.0,-0.03116548,-0.0;
	  -8.940697E-07,0.99999964,-1.5199184E-06,-0.0, 0.03280142,1.1920929E-06,0.99946153,0.0, 0.99946153,4.7683716E-07,-0.032801747,-0.0;
	  3.5762787E-07,1.0000005,-9.536743E-07,-0.0, 0.03575355,1.3113022E-06,0.99936104,0.0, 0.99936104,0.0,-0.03575313,-0.0;
	  4.7683716E-07,1.0000005,-9.834766E-07,-0.0, 0.03728667,1.4305115E-06,0.999305,0.0, 0.999305,-2.9802322E-08,-0.037286162,-0.0;
	  0.0,1.0000002,-1.0728836E-06,-0.0, 0.038496763,1.1920929E-06,0.9992589,0.0, 0.9992589,8.940697E-08,-0.038496614,-0.0;
	  0.0,1.0,-9.23872E-07,-0.0, 0.038539052,9.536743E-07,0.9992571,0.0, 0.9992571,-1.1920929E-07,-0.038539052,-0.0;
	  2.3841858E-07,1.0000002,-1.0430813E-06,-0.0, 0.036661744,1.3113022E-06,0.999328,0.0, 0.999328,2.9802322E-08,-0.036661506,-0.0;
	  4.7683716E-07,1.0000004,-9.834766E-07,-0.0, 0.031534642,1.4305115E-06,0.9995031,0.0, 0.999503,-5.9604645E-08,-0.031534255,-0.0;
	  4.7683716E-07,1.0000004,-9.834766E-07,-0.0, 0.031534642,1.4305115E-06,0.9995031,0.0, 0.999503,-5.9604645E-08,-0.031534255,-0.0;
	  4.7683716E-07,1.0000004,-9.834766E-07,-0.0, 0.031534642,1.4305115E-06,0.9995031,0.0, 0.999503,-5.9604645E-08,-0.031534255,-0.0;
	  4.7683716E-07,1.0000004,-9.834766E-07,-0.0, 0.031534642,1.4305115E-06,0.9995031,0.0, 0.999503,-5.9604645E-08,-0.031534255,-0.0;
	  4.7683716E-07,1.0000004,-9.834766E-07,-0.0, 0.031534642,1.4305115E-06,0.9995031,0.0, 0.999503,-5.9604645E-08,-0.031534255,-0.0;
	  4.7683716E-07,1.0000004,-9.834766E-07,-0.0, 0.031534642,1.4305115E-06,0.9995031,0.0, 0.999503,-5.9604645E-08,-0.031534255,-0.0;
	  4.7683716E-07,1.0000004,-9.834766E-07,-0.0, 0.031534642,1.4305115E-06,0.9995031,0.0, 0.999503,-5.9604645E-08,-0.031534255,-0.0;
	  2.3841858E-07,1.0000002,-1.0430813E-06,-0.0, 0.03153369,1.3113022E-06,0.99950296,0.0, 0.999503,0.0,-0.03153348,-0.0;
	  2.3841858E-07,1.0000002,-9.834766E-07,-0.0, 0.031529784,1.1920929E-06,0.999503,0.0, 0.999503,-5.9604645E-08,-0.031529546,-0.0;
	  -1.1920929E-07,0.99999994,-1.1026859E-06,-0.0, 0.031524003,1.0728836E-06,0.9995029,0.0, 0.9995029,8.940697E-08,-0.031524062,-0.0;
	  0.0,0.9999999,-9.23872E-07,-0.0, 0.031517148,8.34465E-07,0.99950314,0.0, 0.99950314,-8.940697E-08,-0.031517267,-0.0;
	  -5.9604645E-07,0.99999946,-1.1026859E-06,-0.0, 0.031508505,5.9604645E-07,0.9995029,0.0, 0.9995029,8.940697E-08,-0.03150904,-0.0;
	  2.3841858E-07,1.0000002,-9.834766E-07,-0.0, 0.031496793,1.1920929E-06,0.9995041,0.0, 0.9995041,-5.9604645E-08,-0.031496644,-0.0;
	  -3.5762787E-07,0.99999976,-1.1026859E-06,-0.0, 0.0314852,8.34465E-07,0.99950397,0.0, 0.99950397,5.9604645E-08,-0.03148544,-0.0;
	  4.7683716E-07,1.0000004,-8.940697E-07,-0.0, 0.031470627,1.1920929E-06,0.99950504,0.0, 0.99950504,-5.9604645E-08,-0.0314703,-0.0;
	  -2.3841858E-07,0.9999999,-1.013279E-06,-0.0, 0.031457096,8.34465E-07,0.9995049,0.0, 0.999505,2.9802322E-08,-0.031457245,-0.0;
	  2.3841858E-07,1.0000004,-1.0430813E-06,-0.0, 0.031440616,1.4305115E-06,0.999506,0.0, 0.999506,2.9802322E-08,-0.031440258,-0.0;
	  0.0,1.0,-9.23872E-07,-0.0, 0.03142503,9.536743E-07,0.9995061,0.0, 0.9995061,-8.940697E-08,-0.031425,-0.0;
	  5.9604645E-07,1.0000005,-9.23872E-07,-0.0, 0.03140852,1.4305115E-06,0.9995071,0.0, 0.9995072,-1.1920929E-07,-0.031408012,-0.0;
	  1.1920929E-07,1.0,-9.23872E-07,-0.0, 0.03139302,9.536743E-07,0.9995071,0.0, 0.9995072,-1.1920929E-07,-0.03139305,-0.0;
	  3.5762787E-07,1.0000004,-9.536743E-07,-0.0, 0.031375617,1.3113022E-06,0.999508,0.0, 0.999508,0.0,-0.03137523,-0.0;
	  -1.1920929E-07,0.9999999,-9.834766E-07,-0.0, 0.03136015,8.34465E-07,0.999508,0.0, 0.999508,-5.9604645E-08,-0.03136027,-0.0;
	  2.3841858E-07,1.0000002,-1.0430813E-06,-0.0, 0.031342715,1.3113022E-06,0.999509,0.0, 0.999509,2.9802322E-08,-0.031342447,-0.0;
	  -2.9802322E-07,0.99999976,-1.0430813E-06,-0.0, 0.03132817,8.34465E-07,0.9995089,0.0, 0.999509,0.0,-0.03132832,-0.0;
	  3.5762787E-07,1.0000004,-1.0430813E-06,-0.0, 0.031312555,1.4305115E-06,0.99951005,0.0, 0.99951005,2.9802322E-08,-0.031312168,-0.0;
	  -5.9604645E-08,0.99999994,-9.536743E-07,-0.0, 0.031299055,9.536743E-07,0.99951005,0.0, 0.99951,-2.9802322E-08,-0.031299114,-0.0;
	  -3.5762787E-07,0.99999964,-8.940697E-07,-0.0, 0.031285435,4.7683716E-07,0.9995101,0.0, 0.9995101,-5.9604645E-08,-0.031285822,-0.0;
	  1.1920929E-07,1.0000001,-1.0430813E-06,-0.0, 0.031273812,1.1920929E-06,0.999511,0.0, 0.999511,2.9802322E-08,-0.031273723,-0.0;
	  1.1920929E-07,1.0000001,-1.0430813E-06,-0.0, 0.031273812,1.1920929E-06,0.999511,0.0, 0.999511,2.9802322E-08,-0.031273723,-0.0;
	  -2.3841858E-07,0.99999964,-9.23872E-07,-0.0, 0.031255364,5.9604645E-07,0.9995111,0.0, 0.9995111,-8.940697E-08,-0.031255722,-0.0;
	  1.1920929E-07,1.0000002,-1.1026859E-06,-0.0, 0.031247616,1.3113022E-06,0.99951196,0.0, 0.99951196,8.940697E-08,-0.031247377,-0.0;
	  1.1920929E-07,1.0000002,-1.0430813E-06,-0.0, 0.031242788,1.1920929E-06,0.99951196,0.0, 0.99951196,2.9802322E-08,-0.031242609,-0.0;
	  1.1920929E-07,1.0000002,-1.0430813E-06,-0.0, 0.031242788,1.1920929E-06,0.99951196,0.0, 0.99951196,2.9802322E-08,-0.031242609,-0.0;
	  2.3841858E-07,1.0000001,-9.23872E-07,-0.0, 0.031238884,1.0728836E-06,0.9995121,0.0, 0.9995121,-8.940697E-08,-0.031238675,-0.0;
	  1.1920929E-07,1.0000002,-1.0430813E-06,-0.0, 0.031241834,1.1920929E-06,0.999512,0.0, 0.99951196,0.0,-0.031241655,-0.0;
	  3.5762787E-07,1.0000004,-9.834766E-07,-0.0, 0.031245619,1.3113022E-06,0.9995121,0.0, 0.9995121,-5.9604645E-08,-0.031245291,-0.0;
	  -2.9802322E-07,0.99999964,-9.23872E-07,-0.0, 0.03125441,4.7683716E-07,0.9995111,0.0, 0.9995111,-8.940697E-08,-0.03125477,-0.0;
	  -1.1920929E-07,0.99999994,-9.834766E-07,-0.0, 0.0312652,9.536743E-07,0.99951106,0.0, 0.999511,-5.9604645E-08,-0.03126526,-0.0;
	  1.1920929E-06,1.0000007,-5.9604645E-07,-0.0, 0.031279206,1.3113022E-06,0.9995114,0.0, 0.9995114,-4.7683716E-07,-0.03127849,-0.0;
	  -5.9604645E-08,0.99999994,-9.536743E-07,-0.0, 0.031297147,9.536743E-07,0.99951005,0.0, 0.99951005,0.0,-0.031297207,-0.0;
	  -5.364418E-07,0.9999995,-1.0430813E-06,-0.0, 0.03131941,5.9604645E-07,0.999509,0.0, 0.999509,2.9802322E-08,-0.031319916,-0.0;
	  3.5762787E-07,1.0000004,-9.834766E-07,-0.0, 0.03134373,1.3113022E-06,0.999509,0.0, 0.999509,-5.9604645E-08,-0.03134334,-0.0;
	  2.3841858E-07,1.0000002,-9.536743E-07,-0.0, 0.031372726,1.3113022E-06,0.9995081,0.0, 0.9995081,0.0,-0.031372428,-0.0;
	  3.5762787E-07,1.0000004,-9.834766E-07,-0.0, 0.03140664,1.3113022E-06,0.99950707,0.0, 0.99950707,-2.9802322E-08,-0.031406283,-0.0;
	  5.9604645E-07,1.0000006,-9.834766E-07,-0.0, 0.03144446,1.5497208E-06,0.999506,0.0, 0.999506,-2.9802322E-08,-0.031443954,-0.0;
	  0.0,0.99999994,-9.23872E-07,-0.0, 0.031487048,8.34465E-07,0.9995041,0.0, 0.9995041,-8.940697E-08,-0.031487107,-0.0;
	  4.7683716E-07,1.0000004,-9.834766E-07,-0.0, 0.031534642,1.4305115E-06,0.9995031,0.0, 0.999503,-5.9604645E-08,-0.031534255,-0.0;
	  2.3841858E-07,1.0000001,-9.23872E-07,-0.0, 0.031586915,9.536743E-07,0.9995011,0.0, 0.9995011,-1.1920929E-07,-0.031586826,-0.0;
	  -1.1920929E-07,0.9999999,-9.834766E-07,-0.0, 0.031644136,9.536743E-07,0.9994991,0.0, 0.9994991,-2.9802322E-08,-0.031644285,-0.0;
	  -2.3841858E-07,0.9999999,-9.536743E-07,-0.0, 0.031707197,8.34465E-07,0.99949706,0.0, 0.999497,-2.9802322E-08,-0.031707346,-0.0;
	  0.0,0.99999994,-9.834766E-07,-0.0, 0.031774104,9.536743E-07,0.999495,0.0, 0.999495,-5.9604645E-08,-0.031774163,-0.0;
	  2.3841858E-07,1.0000002,-9.834766E-07,-0.0, 0.032001764,1.1920929E-06,0.999488,0.0, 0.999488,-5.9604645E-08,-0.032001615,-0.0;
	  4.7683716E-07,1.0000004,-8.940697E-07,-0.0, 0.0323447,1.1920929E-06,0.99947715,0.0, 0.99947715,-5.9604645E-08,-0.03234434,-0.0;
	  -2.9802322E-07,0.99999976,-9.834766E-07,-0.0, 0.03195241,7.1525574E-07,0.99948907,0.0, 0.99948907,-2.9802322E-08,-0.03195268,-0.0;
	  -2.9802322E-07,0.99999976,-9.834766E-07,-0.0, 0.03195241,7.1525574E-07,0.99948907,0.0, 0.99948907,-2.9802322E-08,-0.03195268,-0.0;
