SE_ANIM 0.1;

SEC_PER_FRAME 0.033333;
FRAMES 91;
ANIM_ID "besurel_attack01";

BONEENVELOPES 80
{
	NAME "Bip01"
	DEFAULT_POSE {1,0,0,0, 0,1,0,0, 0,0,1,0;}
	{
	  -0.81743306,-0.56369376,0.1185431,0.242063, 0.15234631,-0.013099134,0.98824024,2.424556, -0.55551213,0.8258798,0.09658408,1.826666;
	  -0.76460266,-0.6396194,0.07918158,0.252274, 0.08895463,0.016949415,0.9958912,2.615919, -0.63833356,0.7685046,0.043937206,1.803117;
	  -0.78703606,-0.6152589,0.045063406,0.273696, 0.0486781,0.010882974,0.9987551,2.702115, -0.61498344,0.78824985,0.02138412,1.743757;
	  -0.8369187,-0.54686445,0.022502989,0.297764, 0.02866751,-0.002740562,0.9995852,2.719912, -0.546576,0.8372167,0.0179708,1.663536;
	  -0.85258514,-0.52226955,0.018252254,0.310538, 0.024102464,-0.004408896,0.99969983,2.733499, -0.52203226,0.85276914,0.01634705,1.576113;
	  -0.8629093,-0.50488126,0.021962345,0.320056, 0.027856797,-0.004128337,0.9996033,2.734267, -0.50459033,0.86317885,0.017626524,1.484263;
	  -0.87484384,-0.48376888,0.024818718,0.328347, 0.030519143,-0.003911793,0.99952674,2.729143, -0.48344272,0.8751873,0.018186808,1.41184;
	  -0.8893395,-0.45668185,0.022737235,0.336103, 0.027855173,-0.0044767857,0.999602,2.722196, -0.45639825,0.88961893,0.016702533,1.367026;
	  -0.9036377,-0.4278623,0.019305006,0.342984, 0.023742676,-0.0050379634,0.9997052,2.712272, -0.427639,0.9038297,0.014710665,1.335988;
	  -0.91835386,-0.39540306,0.016810223,0.349441, 0.02055195,-0.005228877,0.9997752,2.698592, -0.39522624,0.9184929,0.012928367,1.311154;
	  -0.9337133,-0.35758474,0.017677873,0.355837, 0.020780265,-0.004835367,0.99977213,2.680422, -0.35741788,0.9338679,0.011945009,1.285355;
	  -0.94687074,-0.3207848,0.023084953,0.362726, 0.025910184,-0.0045409203,0.99965394,2.657819, -0.32056898,0.9471412,0.012611151,1.2602;
	  -0.9583591,-0.283812,0.031600058,0.369731, 0.034294024,-0.0045270324,0.9994016,2.631212, -0.28349906,0.9588694,0.014071703,1.238444;
	  -0.9715844,-0.23295343,0.04191129,0.375841, 0.04406157,-0.004031718,0.99902105,2.600171, -0.2325563,0.97247994,0.014182091,1.214617;
	  -0.98648,-0.15538205,0.052093133,0.379792, 0.05310796,-0.0023838878,0.99858624,2.565348, -0.15503813,0.9878519,0.010604382,1.18407;
	  -0.9972684,-0.043095063,0.059987824,0.382408, 0.06016894,-0.0029166937,0.9981841,2.526333, -0.042841826,0.9990668,0.0055019855,1.150509;
	  -0.99334717,0.09423893,0.06618498,0.384609, 0.06587193,-0.0064323545,0.99780726,2.483288, 0.094458014,0.9955287,0.00018155575,1.116998;
	  -0.96812433,0.23991796,0.07193491,0.385364, 0.07198504,-0.008566439,0.9973687,2.438002, 0.23990291,0.9707551,-0.008977652,1.078169;
	  -0.92382455,0.37487864,0.077550754,0.383645, 0.08145033,-0.005458176,0.9966623,2.392891, 0.37405074,0.9270577,-0.025491834,1.029154;
	  -0.87064624,0.4848788,0.08287126,0.378494, 0.09799817,0.0058795214,0.9951693,2.349781, 0.48204923,0.87456167,-0.052636087,0.964873;
	  -0.8162744,0.57071483,0.08933495,0.368785, 0.13211413,0.03388965,0.9906552,2.303952, 0.56235397,0.8204489,-0.10306251,0.873402;
	  -0.76260716,0.6400544,0.09359816,0.354409, 0.18256958,0.074159145,0.980392,2.255659, 0.62056315,0.764742,-0.1734091,0.756856;
	  -0.71485853,0.69320834,0.09186724,0.336097, 0.23240158,0.11161542,0.96619445,2.214307, 0.65952015,0.7120425,-0.24089175,0.632298;
	  -0.6766802,0.73146725,0.08402169,0.314474, 0.26436085,0.1348679,0.9549471,2.188449, 0.6871807,0.6684059,-0.28463364,0.515283;
	  -0.65161574,0.7552559,0.07060784,0.286734, 0.27034718,0.14425755,0.95189404,2.183886, 0.70873785,0.6393578,-0.29818165,0.402308;
	  -0.63974977,0.7666098,0.055040687,0.253337, 0.25916323,0.14774776,0.9544655,2.195064, 0.7235707,0.62488353,-0.29319912,0.287079;
	  -0.6373793,0.7693944,0.04218808,0.220032, 0.24018267,0.14635193,0.9596318,2.212478, 0.73216105,0.6217823,-0.278077,0.180606;
	  -0.64047825,0.7671268,0.03611076,0.19208, 0.22295713,0.14074087,0.9646149,2.22678, 0.73489976,0.625866,-0.26117802,0.09218;
	  -0.65269303,0.75659317,0.03947878,0.170463, 0.20782787,0.12869096,0.96966296,2.236942, 0.7285598,0.6410971,-0.2412368,0.024265;
	  -0.6744764,0.736676,0.048890114,0.152567, 0.19082597,0.10997808,0.97544384,2.247434, 0.7132091,0.66724336,-0.21475422,-0.027936;
	  -0.69737595,0.71421695,0.059673935,0.137465, 0.1745831,0.088531256,0.98065436,2.257503, 0.6951169,0.6943028,-0.18642986,-0.068547;
	  -0.71316874,0.69770306,0.0678277,0.1245, 0.16143286,0.06930721,0.98444676,2.266206, 0.6821507,0.71302617,-0.16206044,-0.100982;
	  -0.7220521,0.6878563,0.07412475,0.114099, 0.1513187,0.052470326,0.9870913,2.273273, 0.6750877,0.72394776,-0.14197206,-0.124876;
	  -0.7277633,0.68109906,0.0804027,0.106459, 0.143083,0.03612995,0.98905087,2.279178, 0.6707368,0.73129916,-0.123747945,-0.138712;
	  -0.72845596,0.67977285,0.08521074,0.100279, 0.13650411,0.022132754,0.99039227,2.284287, 0.6713558,0.7330888,-0.108914375,-0.145072;
	  -0.722192,0.68617094,0.08722463,0.094151, 0.1311951,0.012072325,0.99128294,2.289062, 0.67913663,0.72734,-0.098740995,-0.146625;
	  -0.7060462,0.7030257,0.0851675,0.088, 0.12746134,0.007856369,0.99181217,2.293189, 0.69660044,0.7111208,-0.095155895,-0.141443;
	  -0.68109286,0.72780883,0.08004239,0.082464, 0.12535614,0.008203983,0.99207795,2.296577, 0.72138643,0.68573105,-0.09682292,-0.128941;
	  -0.65134984,0.75518024,0.073800355,0.077265, 0.12423369,0.01019001,0.9922012,2.299953, 0.7485384,0.6554388,-0.100455165,-0.113741;
	  -0.6220701,0.7799378,0.068745166,0.072221, 0.12326819,0.010853052,0.9923141,2.303981, 0.7731972,0.62576294,-0.10289276,-0.100767;
	  -0.592901,0.80263805,0.06511998,0.06754, 0.12228188,0.009809017,0.99244714,2.308083, 0.79593694,0.59638596,-0.103963554,-0.090818;
	  -0.56130654,0.82530653,0.061674654,0.06754, 0.12163448,0.008553743,0.9925376,2.308083, 0.81862056,0.5646194,-0.105187714,-0.090818;
	  -0.52948916,0.84629154,0.05857736,0.059076, 0.12109846,0.00706017,0.9926148,2.316139, 0.8396284,0.5326721,-0.10622382,-0.072367;
	  -0.49924976,0.86464846,0.05597189,0.054312, 0.1204454,0.005284071,0.99270606,2.322027, 0.85804594,0.50234985,-0.10678077,-0.063198;
	  -0.47316056,0.8793149,0.05407676,0.048563, 0.11946401,0.0032256842,0.99283326,2.330426, 0.87283874,0.4762298,-0.10657287,-0.053679;
	  -0.45257938,0.8900907,0.053946882,0.040744, 0.11860728,0.0001269579,0.9929411,2.343246, 0.88380086,0.45578307,-0.10562891,-0.042968;
	  -0.4374063,0.897557,0.05537969,0.031356, 0.11782396,-0.0038512945,0.99302685,2.359803, 0.8915116,0.44088116,-0.10406947,-0.031598;
	  -0.4271649,0.9023963,0.05666879,0.022054, 0.11614069,-0.007393837,0.9932056,2.377563, 0.8966838,0.43084437,-0.10164595,-0.020974;
	  -0.42146188,0.9051086,0.056110144,0.014533, 0.11261842,-0.009155154,0.99359614,2.393929, 0.8998261,0.4250819,-0.098073244,-0.012567;
	  -0.42253888,0.90482306,0.05250168,0.014533, 0.10589293,-0.008245409,0.9943435,2.393929, 0.90013766,0.4257085,-0.09232998,-0.012567;
	  -0.42985892,0.9016781,0.04687941,0.005164, 0.09676695,-0.0056147575,0.995291,2.425231, 0.8976955,0.43237102,-0.084839344,-0.003247;
	  -0.43874925,0.8976693,0.041098237,0.002171, 0.08781871,-0.002683282,0.9961331,2.43909, 0.8943082,0.44066203,-0.07765454,-0.000849;
	  -0.44463205,0.8949448,0.03709629,1.1E-05, 0.08164731,-0.0007480383,0.9966609,2.448882, 0.89198434,0.4461761,-0.072737336,0.000859;
	  -0.44623065,0.89420503,0.035716504,-0.001022, 0.079459965,-0.00016331673,0.9968381,2.452986, 0.8913834,0.4476578,-0.07098055,0.001658;
	  -0.4460284,0.89429986,0.035865217,-0.000908, 0.07974318,-0.00020515919,0.9968153,2.452833, 0.8914592,0.44746783,-0.07122308,0.001329;
	  -0.4460284,0.89429986,0.035865217,-0.000908, 0.07974318,-0.00020515919,0.9968153,2.452833, 0.8914592,0.44746783,-0.07122308,0.001329;
	  -0.44455272,0.8949857,0.037070483,-0.000908, 0.0817754,-0.00066173077,0.9966512,2.452833, 0.8920126,0.4460958,-0.072892666,0.001329;
	  -0.44455272,0.8949857,0.037070483,0.0, 0.0817754,-0.00066173077,0.9966512,2.45, 0.8920126,0.4460958,-0.072892666,-0.0;
	  -0.54989177,0.83478487,0.02744925,0.002211, 0.12264615,0.048195004,0.99127984,2.382691, 0.8261823,0.5484632,-0.12888479,-0.158064;
	  -0.6572906,0.7531141,0.028078765,0.004442, 0.16430485,0.10683894,0.9806068,2.310957, 0.7355088,0.64915705,-0.1939643,-0.330447;
	  -0.7480241,0.66272974,0.03534463,0.006663, 0.19367734,0.16704583,0.96673924,2.241436, 0.6347827,0.7299897,-0.25331008,-0.495671;
	  -0.81127113,0.58330375,0.03994891,0.008843, 0.20308816,0.21706796,0.9547968,2.180765, 0.54826486,0.7827122,-0.29456294,-0.632258;
	  -0.842924,0.5372212,0.029540047,0.010951, 0.18922682,0.24461436,0.95097697,2.135584, 0.503659,0.807191,-0.3078478,-0.718731;
	  -0.853009,0.5218779,0.004363641,0.012715, 0.15390316,0.24354732,0.9576,2.117203, 0.49868762,0.817513,-0.28806728,-0.774941;
	  -0.8486646,0.5280485,-0.030548826,0.014156, 0.102579445,0.2209723,0.9698707,2.121197, 0.5188892,0.8199612,-0.2416979,-0.815206;
	  -0.8202895,0.5666511,-0.077663824,0.015682, 0.03678885,0.1877811,0.9815219,2.1306, 0.5707642,0.802275,-0.17488092,-0.80975;
	  -0.75271803,0.6441729,-0.13585582,0.017701, -0.0426479,0.15821469,0.9864832,2.128443, 0.6569601,0.7483376,-0.09161854,-0.728799;
	  -0.62253773,0.7566025,-0.19999799,0.020623, -0.13212246,0.15027916,0.9797751,2.097763, 0.7713561,0.636371,0.0064092875,-0.542575;
	  -0.3627863,0.8935685,-0.26442838,0.026175, -0.23864344,0.18521118,0.95328265,2.026167, 0.9007976,0.4089424,0.14605296,-0.185439;
	  0.040375233,0.9590054,-0.28049645,0.034084, -0.33600444,0.27740788,0.9000809,1.924966, 0.9409945,0.057906955,0.33343053,0.322761;
	  0.4635017,0.86091167,-0.20975333,0.04176, -0.37482232,0.4049859,0.8339627,1.812747, 0.80291563,-0.3079233,0.51040065,0.883561;
	  0.76446605,0.63950574,-0.08138576,0.046611, -0.35122022,0.51902163,0.7792693,1.708096, 0.54058826,-0.56714076,0.6213819,1.398498;
	  0.9004296,0.43362084,0.03462185,0.046047, -0.31030014,0.58448887,0.74972385,1.629599, 0.30485982,-0.68581706,0.66084397,1.769109;
	  0.938118,0.33123392,0.10108514,0.036623, -0.29289114,0.60309803,0.7419481,1.582924, 0.18479414,-0.7256421,0.6627928,1.970355;
	  0.9421563,0.30867574,0.13061687,0.020182, -0.29820326,0.5940478,0.7471158,1.555809, 0.15302387,-0.74285024,0.6517339,2.067512;
	  0.9310497,0.33902952,0.13492686,0.001546, -0.31677756,0.56746805,0.760021,1.539368, 0.18110284,-0.7503592,0.635738,2.099234;
	  0.91159534,0.3913309,0.1259142,-0.013701, -0.3360321,0.53290224,0.7765938,1.525578, 0.23680519,-0.75025034,0.61729085,2.101981;
	  0.89235735,0.43664104,0.11420568,-0.020731, -0.34641093,0.5004221,0.79345894,1.505519, 0.2893057,-0.74761105,0.59781253,2.113693;
	  0.87902653,0.4659252,0.10112509,-0.021926, -0.34570685,0.47681355,0.8081682,1.479337, 0.3283281,-0.74536085,0.5802052,2.128932;
	  0.8625897,0.49957478,0.07977031,-0.020818, -0.33927822,0.45428526,0.82372,1.452103, 0.37527132,-0.737597,0.5613569,2.122727;
	  0.8348048,0.54830414,0.049635142,-0.013551, -0.3298669,0.42596567,0.8424613,1.424954, 0.44078216,-0.7196637,0.5364655,2.103264;
	  0.78223276,0.62289244,0.01080811,0.004006, -0.31740344,0.3835491,0.86726296,1.397678, 0.5360661,-0.6818321,0.49773288,2.078218;
	  0.6874583,0.72555655,-0.031127125,0.035299, -0.29803747,0.3209548,0.8989782,1.371415, 0.6622499,-0.6087329,0.43688607,2.056245;
	  0.3788495,0.92126346,-0.08801499,0.140531, -0.20801756,0.17743957,0.96189594,1.34197, 0.901777,-0.3461051,0.2588619,2.026867;
	  -0.08290303,0.9956982,-0.04137796,0.257996, -0.05598271,0.036802173,0.99775326,1.324032, 0.994984,0.08503321,0.052690864,1.988067;
	  -0.43174422,0.8979504,0.08533424,0.315371, 0.05328545,-0.069050014,0.996189,1.303454, 0.9004207,0.43464586,-0.018035889,1.946632;
	  -0.6960083,0.68332434,0.2205457,0.351838, 0.1620644,-0.14972675,0.97535515,1.291845, 0.6995053,0.71459806,-0.0065308213,1.904188;
	  -0.8694596,0.38507095,0.30945164,0.363898, 0.25938693,-0.17725778,0.9493671,1.354839, 0.42042643,0.9057041,0.054235935,1.868535;
	  -0.9532456,0.038203835,0.29977205,0.311965, 0.29072982,-0.15472919,0.9442111,1.609439, 0.08245594,0.9872178,0.13638747,1.852262;
	  -0.9398842,-0.2543634,0.2278531,0.248831, 0.26394358,-0.11773181,0.95732605,1.933545, -0.2166831,0.959916,0.17779207,1.843733;
	  -0.88361686,-0.43664092,0.16901469,0.237648, 0.21805507,-0.064328015,0.97381413,2.187945, -0.4143347,0.897333,0.15205312,1.835318;
	}
	NAME "Bip01 Pelvis"
	DEFAULT_POSE {1,0,0,0, 0,1,0,0, 0,0,1,0;}
	{
	  0.0,1.0,-9.834766E-07,-0.0, -0.02513799,9.536743E-07,0.999684,-0.0, 0.999684,2.9802322E-08,0.02513802,-0.0;
	  4.7683716E-07,1.0000005,-9.834766E-07,-0.0, -0.037315458,1.4305115E-06,0.99930406,-0.0, 0.99930406,2.9802322E-08,0.037315965,-0.0;
	  3.5762787E-07,1.0000002,-1.013279E-06,-0.0, -0.053371757,1.3113022E-06,0.998575,-0.0, 0.998575,-5.9604645E-08,0.053371906,-0.0;
	  -2.3841858E-07,0.99999976,-9.536743E-07,-0.0, -0.06390026,7.1525574E-07,0.99795604,-0.0, 0.997956,2.9802322E-08,0.063899994,-0.0;
	  2.3841858E-07,1.0000002,-9.23872E-07,-0.0, -0.059153795,1.1920929E-06,0.9982491,-0.0, 0.9982492,1.1920929E-07,0.059154034,-0.0;
	  3.5762787E-07,1.0000002,-9.834766E-07,-0.0, -0.04885778,1.3113022E-06,0.99880606,-0.0, 0.998806,5.9604645E-08,0.048858166,-0.0;
	  0.0,1.0000001,-9.834766E-07,-0.0, -0.041799933,1.0728836E-06,0.9991261,-0.0, 0.9991261,5.9604645E-08,0.041800022,-0.0;
	  -4.172325E-07,0.99999964,-8.940697E-07,-0.0, -0.041573405,4.7683716E-07,0.99913514,-0.0, 0.9991351,8.940697E-08,0.041573048,-0.0;
	  3.5762787E-07,1.0000002,-1.0430813E-06,-0.0, -0.044018686,1.3113022E-06,0.99903095,-0.0, 0.99903095,-2.9802322E-08,0.044018984,-0.0;
	  0.0,1.0,-9.834766E-07,-0.0, -0.046698034,9.536743E-07,0.99890906,-0.0, 0.9989091,5.9604645E-08,0.046698093,-0.0;
	  2.3841858E-07,1.0000002,-9.536743E-07,-0.0, -0.04710883,1.1920929E-06,0.99889004,-0.0, 0.99889004,0.0,0.047109127,-0.0;
	  -2.3841858E-07,0.99999976,-1.0430813E-06,-0.0, -0.04425624,7.1525574E-07,0.99902,-0.0, 0.99902,-2.9802322E-08,0.044255972,-0.0;
	  -1.1920929E-07,0.99999994,-9.23872E-07,-0.0, -0.039612114,8.34465E-07,0.99921507,-0.0, 0.9992151,1.1920929E-07,0.039612055,-0.0;
	  2.3841858E-07,1.0000004,-8.940697E-07,-0.0, -0.0342077,1.1920929E-06,0.9994151,-0.0, 0.9994151,5.9604645E-08,0.03420806,-0.0;
	  -4.7683716E-07,1.0,-1.4603138E-06,-0.0, -0.029271007,1.4305115E-06,0.9995715,-0.0, 0.99957156,5.364418E-07,0.029271007,-0.0;
	  -4.7683716E-07,1.0,-1.4603138E-06,-0.0, -0.029271007,1.4305115E-06,0.9995715,-0.0, 0.99957156,5.364418E-07,0.029271007,-0.0;
	  -4.7683716E-07,1.0,-1.4603138E-06,-0.0, -0.029271007,1.4305115E-06,0.9995715,-0.0, 0.99957156,5.364418E-07,0.029271007,-0.0;
	  -4.7683716E-07,1.0,-1.4603138E-06,-0.0, -0.029271007,1.4305115E-06,0.9995715,-0.0, 0.99957156,5.364418E-07,0.029271007,-0.0;
	  -4.172325E-07,0.99999964,-9.834766E-07,-0.0, -0.011185437,5.9604645E-07,0.99993706,-0.0, 0.99993706,2.9802322E-08,0.01118505,-0.0;
	  3.5762787E-07,1.0000002,-1.0430813E-06,-0.0, -0.00804466,1.3113022E-06,0.99996793,-0.0, 0.99996793,0.0,0.008044958,-0.0;
	  1.1920929E-07,1.0000001,-1.0430813E-06,-0.0, -0.006348878,1.1920929E-06,0.99998,-0.0, 0.99998,-2.9802322E-08,0.0063489676,-0.0;
	  -3.5762787E-07,0.9999996,-1.1026859E-06,-0.0, -0.0059453845,7.1525574E-07,0.9999819,-0.0, 0.9999819,-8.940697E-08,0.0059449673,-0.0;
	  -1.7881393E-07,0.9999999,-9.834766E-07,-0.0, -0.0061292946,8.34465E-07,0.99998105,-0.0, 0.99998105,2.9802322E-08,0.0061291456,-0.0;
	  1.1920929E-07,1.0000002,-9.23872E-07,-0.0, -0.0061877966,1.1920929E-06,0.99998105,-0.0, 0.99998105,8.940697E-08,0.006188035,-0.0;
	  3.5762787E-07,1.0000005,-9.834766E-07,-0.0, -0.004099548,1.4305115E-06,0.999992,-0.0, 0.999992,5.9604645E-08,0.004099965,-0.0;
	  3.5762787E-07,1.0000004,-9.536743E-07,-0.0, -0.0007996857,1.3113022E-06,1.0,-0.0, 1.0,0.0,0.00080001354,-0.0;
	  0.0,0.99999994,-1.013279E-06,-0.0, -0.00019401312,9.536743E-07,0.99999994,-0.0, 0.99999994,-5.9604645E-08,0.00019395351,-0.0;
	  2.3841858E-07,1.0000002,-1.0430813E-06,-0.0, -0.0060397983,1.1920929E-06,0.999982,-0.0, 0.999982,-2.9802322E-08,0.006039977,-0.0;
	  0.0,1.0,-1.0430813E-06,-0.0, -0.02262792,1.0728836E-06,0.99974394,-0.0, 0.99974394,-2.9802322E-08,0.02262795,-0.0;
	  4.7683716E-07,1.0000005,-9.536743E-07,-0.0, -0.046877652,1.4305115E-06,0.9989011,-0.0, 0.99890107,2.9802322E-08,0.0468781,-0.0;
	  0.0,1.0,-1.0430813E-06,-0.0, -0.071731,9.536743E-07,0.997424,-0.0, 0.997424,2.9802322E-08,0.07173097,-0.0;
	  -2.9802322E-07,0.99999964,-9.536743E-07,-0.0, -0.08967134,5.9604645E-07,0.9959711,-0.0, 0.9959711,2.9802322E-08,0.0896709,-0.0;
	  4.7683716E-07,1.0000005,-9.23872E-07,-0.0, -0.0992195,1.4305115E-06,0.9950661,-0.0, 0.99506617,1.1920929E-07,0.09922004,-0.0;
	  2.3841858E-07,1.0000001,-9.536743E-07,-0.0, -0.104127854,1.0728836E-06,0.99456406,-0.0, 0.99456406,5.9604645E-08,0.104127884,-0.0;
	  2.3841858E-07,1.0000002,-9.536743E-07,-0.0, -0.10534385,1.1920929E-06,0.9944361,-0.0, 0.9944361,5.9604645E-08,0.10534406,-0.0;
	  -2.9802322E-07,0.99999976,-8.940697E-07,-0.0, -0.103817254,5.9604645E-07,0.9945961,-0.0, 0.9945961,1.1920929E-07,0.103816986,-0.0;
	  -2.3841858E-07,0.99999964,-1.013279E-06,-0.0, -0.09809232,5.9604645E-07,0.995177,-0.0, 0.995177,0.0,0.09809196,-0.0;
	  -3.5762787E-07,0.99999964,-9.23872E-07,-0.0, -0.08819237,5.9604645E-07,0.9961031,-0.0, 0.99610305,1.1920929E-07,0.088191986,-0.0;
	  2.3841858E-07,1.0000001,-1.013279E-06,-0.0, -0.07728779,1.1920929E-06,0.9970089,-0.0, 0.997009,-2.9802322E-08,0.07728791,-0.0;
	  2.3841858E-07,1.0000001,-1.013279E-06,-0.0, -0.07728779,1.1920929E-06,0.9970089,-0.0, 0.997009,-2.9802322E-08,0.07728791,-0.0;
	  2.3841858E-07,1.0000002,-9.536743E-07,-0.0, -0.06316975,1.1920929E-06,0.998003,-0.0, 0.998003,2.9802322E-08,0.063169956,-0.0;
	  3.5762787E-07,1.0000002,-1.0728836E-06,-0.0, -0.05861464,1.3113022E-06,0.9982809,-0.0, 0.9982809,-8.940697E-08,0.05861497,-0.0;
	  3.5762787E-07,1.0000004,-1.0430813E-06,-0.0, -0.054757595,1.4305115E-06,0.9985,-0.0, 0.9985,0.0,0.054757833,-0.0;
	  2.3841858E-07,1.0000002,-1.013279E-06,-0.0, -0.051172853,1.1920929E-06,0.99869,-0.0, 0.99869,-2.9802322E-08,0.05117297,-0.0;
	  2.3841858E-07,1.0000002,-9.536743E-07,-0.0, -0.047507823,1.1920929E-06,0.9988711,-0.0, 0.998871,2.9802322E-08,0.047508,-0.0;
	  0.0,1.0,-1.0430813E-06,-0.0, -0.043921977,9.536743E-07,0.99903494,-0.0, 0.999035,0.0,0.043921947,-0.0;
	  4.7683716E-07,1.0000004,-9.536743E-07,-0.0, -0.040718645,1.3113022E-06,0.999171,-0.0, 0.9991711,2.9802322E-08,0.040719032,-0.0;
	  4.7683716E-07,1.0000004,-9.536743E-07,-0.0, -0.040718645,1.3113022E-06,0.999171,-0.0, 0.9991711,2.9802322E-08,0.040719032,-0.0;
	  4.7683716E-07,1.0000004,-9.536743E-07,-0.0, -0.040718645,1.3113022E-06,0.999171,-0.0, 0.9991711,2.9802322E-08,0.040719032,-0.0;
	  -4.7683716E-07,0.99999946,-1.013279E-06,-0.0, -0.03034538,4.7683716E-07,0.99953896,-0.0, 0.99953896,-5.9604645E-08,0.030344844,-0.0;
	  -4.7683716E-07,0.99999946,-1.013279E-06,-0.0, -0.03034538,4.7683716E-07,0.99953896,-0.0, 0.99953896,-5.9604645E-08,0.030344844,-0.0;
	  4.7683716E-07,1.0000005,-9.536743E-07,-0.0, -0.022108585,1.4305115E-06,0.99975604,-0.0, 0.99975604,0.0,0.022109032,-0.0;
	  4.7683716E-07,1.0000005,-9.536743E-07,-0.0, -0.022108585,1.4305115E-06,0.99975604,-0.0, 0.99975604,0.0,0.022109032,-0.0;
	  -1.1920929E-07,0.99999994,-9.23872E-07,-0.0, -0.018321216,8.34465E-07,0.99983203,-0.0, 0.99983203,8.940697E-08,0.018321037,-0.0;
	  -1.1920929E-07,0.99999994,-9.23872E-07,-0.0, -0.018321216,8.34465E-07,0.99983203,-0.0, 0.99983203,8.940697E-08,0.018321037,-0.0;
	  -1.1920929E-07,0.99999994,-9.23872E-07,-0.0, -0.018321216,8.34465E-07,0.99983203,-0.0, 0.99983203,8.940697E-08,0.018321037,-0.0;
	  -1.1920929E-07,0.99999994,-9.23872E-07,-0.0, -0.018321216,8.34465E-07,0.99983203,-0.0, 0.99983203,8.940697E-08,0.018321037,-0.0;
	  -3.5762787E-07,0.99999964,-9.834766E-07,-0.0, -0.019370317,5.9604645E-07,0.999812,-0.0, 0.999812,2.9802322E-08,0.01936996,-0.0;
	  5.4240227E-05,0.9999702,-0.0077221394,-0.0, -0.015307784,0.0077221394,0.999853,-0.0, 0.9998828,6.401539E-05,0.015307784,-0.0;
	  0.00011229515,0.9997318,-0.023160756,-0.0, -0.01093626,0.023160696,0.99967194,-0.0, 0.9999402,0.00014099479,0.010936022,-0.0;
	  9.548664E-05,0.9993959,-0.034736186,-0.0, -0.006718099,0.03473544,0.9993733,-0.0, 0.9999769,0.0001373589,0.006716728,-0.0;
	  2.9087067E-05,0.9995226,-0.030878276,-0.0, -0.003119409,0.030877829,0.9995178,-0.0, 0.99999464,6.6787004E-05,0.0031183958,-0.0;
	  2.3841858E-07,1.0000002,-1.013279E-06,-0.0, -0.0006027818,1.1920929E-06,0.99999994,-0.0, 0.99999994,-5.9604645E-08,0.0006029606,-0.0;
	  7.05719E-05,0.99671596,0.08097345,-0.0, 0.00053703785,-0.080973744,0.99671584,-0.0, 0.9999996,-2.7179718E-05,-0.0005413294,-0.0;
	  0.00018525124,0.9791455,0.20316184,-0.0, 0.0005925,-0.2031616,0.9791453,-0.0, 1.0000001,-6.0647726E-05,-0.0006173849,-0.0;
	  0.00020611286,0.94413733,0.32955357,-0.0, 7.7188015E-06,-0.3295532,0.94413733,-0.0, 1.0000004,-0.00019171834,-7.4625015E-05,-0.0;
	  0.000102996826,0.90472794,0.42599013,-0.0, -0.0007480085,-0.4259898,0.90472776,-0.0, 0.9999999,-0.0004117489,0.0006330013,-0.0;
	  -2.9802322E-07,0.88583004,0.46401048,-0.0, -0.0012109578,-0.46400988,0.8858293,-0.0, 0.9999995,-0.00056138635,0.0010732412,-0.0;
	  -4.339218E-05,0.9047282,0.42598984,-0.0, -0.0014028847,-0.42598927,0.9047272,-0.0, 0.99999917,-0.0005582571,0.0012879372,-0.0;
	  -7.1167946E-05,0.9441366,0.32955506,-0.0, -0.0016314089,-0.3295545,0.9441353,-0.0, 0.9999989,-0.00047022104,0.0015640259,-0.0;
	  -6.866455E-05,0.9791446,0.20316306,-0.0, -0.0018743575,-0.20316315,0.97914284,-0.0, 0.999998,-0.00031381845,0.0018488169,-0.0;
	  -3.5107136E-05,0.9967169,0.080973506,-0.0, -0.0021050572,-0.08097273,0.9967147,-0.0, 0.99999845,-0.0001347363,0.002101779,-0.0;
	  -3.5762787E-07,1.0000001,-5.066395E-07,-0.0, -0.0023069084,7.1525574E-07,0.9999975,-0.0, 0.9999975,5.066395E-07,0.0023070574,-0.0;
	  1.9311905E-05,0.9995229,-0.030878305,-0.0, -0.0024750233,0.030878067,0.9995198,-0.0, 0.99999666,5.683303E-05,0.0024741888,-0.0;
	  2.4437904E-05,0.9993948,-0.03477195,-0.0, -0.0026252568,0.034771442,0.9993913,-0.0, 0.99999607,6.631017E-05,0.0026240349,-0.0;
	  1.8119812E-05,0.99973226,-0.023159444,-0.0, -0.0027648509,0.023159742,0.9997284,-0.0, 0.9999966,4.6372414E-05,0.0027649403,-0.0;
	  6.3180923E-06,0.99996954,-0.007806182,-0.0, -0.002895534,0.0078060627,0.99996537,-0.0, 0.9999958,1.6272068E-05,0.0028955936,-0.0;
	  -4.7683716E-07,0.99999964,-9.23872E-07,-0.0, -0.0030254424,4.7683716E-07,0.9999951,-0.0, 0.9999951,8.940697E-08,0.003025055,-0.0;
	  -5.9604645E-08,0.9999999,-1.1026859E-06,-0.0, -0.003143102,9.536743E-07,0.9999949,-0.0, 0.9999949,-8.940697E-08,0.003142953,-0.0;
	  2.3841858E-07,1.0000002,-1.0430813E-06,-0.0, -0.0032457411,1.1920929E-06,0.999995,-0.0, 0.999995,-2.9802322E-08,0.0032459497,-0.0;
	  -4.7683716E-07,0.9999996,-9.834766E-07,-0.0, -0.0033484101,5.9604645E-07,0.99999404,-0.0, 0.99999404,2.9802322E-08,0.003347993,-0.0;
	  -5.9604645E-08,1.0,-9.834766E-07,-0.0, -0.0034650862,9.536743E-07,0.99999404,-0.0, 0.99999404,2.9802322E-08,0.0034650564,-0.0;
	  -4.7683716E-07,0.99999946,-1.0430813E-06,-0.0, -0.0036094785,4.7683716E-07,0.99999297,-0.0, 0.99999297,-2.9802322E-08,0.003608942,-0.0;
	  -4.7683716E-07,0.99999946,-1.0430813E-06,-0.0, -0.0036094785,4.7683716E-07,0.99999297,-0.0, 0.99999297,-2.9802322E-08,0.003608942,-0.0;
	  -3.5762787E-07,0.9999997,-9.834766E-07,-0.0, -0.0041752458,7.1525574E-07,0.99999106,-0.0, 0.99999106,2.9802322E-08,0.0041749477,-0.0;
	  -4.7683716E-07,0.9999995,-9.834766E-07,-0.0, -0.0043744743,4.7683716E-07,0.99999,-0.0, 0.99999,2.9802322E-08,0.0043740273,-0.0;
	  2.3841858E-07,1.0000002,-9.834766E-07,-0.0, -0.004541695,1.3113022E-06,0.99999,-0.0, 0.99999,5.9604645E-08,0.004541993,-0.0;
	  0.0,1.0,-9.834766E-07,-0.0, -0.004705906,9.536743E-07,0.9999889,-0.0, 0.9999889,2.9802322E-08,0.004705906,-0.0;
	  3.5762787E-07,1.0000002,-1.0430813E-06,-0.0, -0.0032766461,1.3113022E-06,0.999995,-0.0, 0.999995,-2.9802322E-08,0.0032769442,-0.0;
	  -3.5762787E-07,0.99999964,-1.0430813E-06,-0.0, -0.00501433,7.1525574E-07,0.999987,-0.0, 0.999987,0.0,0.0050139427,-0.0;
	  -1.7881393E-07,0.9999999,-9.834766E-07,-0.0, -0.013697177,8.34465E-07,0.99990606,-0.0, 0.99990606,2.9802322E-08,0.013697028,-0.0;
	}
	NAME "Bip01 Spine"
	DEFAULT_POSE {1,0,0,0, 0,1,0,0, 0,0,1,0;}
	{
	  0.99635196,0.06598611,-0.054121822,0.169568, -0.06447089,0.99749017,0.029282056,0.0244, 0.05591818,-0.025685944,0.99810517,0.004268;
	  0.9995799,0.02795975,0.0076465234,0.169568, -0.028160252,0.9992249,0.027508114,0.0244, -0.006871477,-0.027711883,0.9995924,0.004268;
	  0.99946094,0.02807217,0.01703846,0.169568, -0.02852583,0.99922884,0.02699376,0.0244, -0.016267542,-0.027465237,0.9994906,0.004268;
	  0.999545,0.028977115,0.0083457865,0.16928, -0.02919089,0.9992157,0.026746271,0.0244, -0.007564213,-0.026977727,0.9996071,0.010843;
	  0.9995326,0.029381309,0.008457205,0.16928, -0.02959869,0.99920154,0.026842112,0.0244, -0.007661795,-0.027079886,0.999604,0.010843;
	  0.9995326,0.029381309,0.008457205,0.16928, -0.02959869,0.99920154,0.026842112,0.0244, -0.007661795,-0.027079886,0.999604,0.010843;
	  0.99951375,0.029979998,0.008526091,0.16928, -0.030203002,0.999169,0.027354887,0.0244, -0.00769891,-0.02759911,0.9995891,0.010843;
	  0.99951375,0.029979998,0.008526091,0.16948, -0.030203002,0.999169,0.027354887,0.0244, -0.00769891,-0.02759911,0.9995891,0.007056;
	  0.99951005,0.03014605,0.008386007,0.16948, -0.030367954,0.99915373,0.027728956,0.0244, -0.007542994,-0.027970042,0.99958,0.007056;
	  0.99951005,0.03014605,0.008386007,0.16948, -0.030367954,0.99915373,0.027728956,0.0244, -0.007542994,-0.027970042,0.99958,0.007056;
	  0.99951005,0.03014605,0.008386007,0.169438, -0.030367954,0.99915373,0.027728956,0.0244, -0.007542994,-0.027970042,0.99958,0.007995;
	  0.99951005,0.03014605,0.008386007,0.169438, -0.030367954,0.99915373,0.027728956,0.0244, -0.007542994,-0.027970042,0.99958,0.007995;
	  0.99951005,0.03014605,0.008386007,0.169438, -0.030367954,0.99915373,0.027728956,0.0244, -0.007542994,-0.027970042,0.99958,0.007995;
	  0.99951005,0.03014605,0.008386007,0.169438, -0.030367954,0.99915373,0.027728956,0.0244, -0.007542994,-0.027970042,0.99958,0.007995;
	  0.9995465,0.029194145,0.0073748897,0.169438, -0.029396856,0.99914527,0.02906319,0.0244, -0.0065201106,-0.02926681,0.99955034,0.007995;
	  0.9995465,0.029194145,0.0073748897,0.169438, -0.029396856,0.99914527,0.02906319,0.0244, -0.0065201106,-0.02926681,0.99955034,0.007995;
	  0.9995465,0.029194145,0.0073748897,0.169438, -0.029396856,0.99914527,0.02906319,0.0244, -0.0065201106,-0.02926681,0.99955034,0.007995;
	  0.9995465,0.029194145,0.0073748897,0.169438, -0.029396856,0.99914527,0.02906319,0.0244, -0.0065201106,-0.02926681,0.99955034,0.007995;
	  0.9995465,0.029194145,0.0073748897,0.169438, -0.029396856,0.99914527,0.02906319,0.0244, -0.0065201106,-0.02926681,0.99955034,0.007995;
	  0.9995465,0.029194145,0.0073748897,0.169438, -0.029396856,0.99914527,0.02906319,0.0244, -0.0065201106,-0.02926681,0.99955034,0.007995;
	  0.9995465,0.029194145,0.0073748897,0.169438, -0.029396856,0.99914527,0.02906319,0.0244, -0.0065201106,-0.02926681,0.99955034,0.007995;
	  0.9995465,0.029194145,0.0073748897,0.169624, -0.029396856,0.99914527,0.02906319,0.0244, -0.0065201106,-0.02926681,0.99955034,0.001012;
	  0.99967074,0.025253378,0.0045503518,0.169624, -0.025360625,0.9993583,0.025294963,0.0244, -0.003908648,-0.025402036,0.9996697,0.001012;
	  0.999686,0.024424179,0.005631916,0.169624, -0.024556825,0.99939024,0.02482775,0.0244, -0.0050220843,-0.024958251,0.999676,0.001053;
	  0.9996731,0.023548694,0.01000425,0.169624, -0.023791304,0.9994081,0.02486656,0.0244, -0.009412749,-0.025096433,0.9996413,0.001053;
	  0.9996731,0.023548694,0.01000425,0.169624, -0.023791304,0.9994081,0.02486656,0.0244, -0.009412749,-0.025096433,0.9996413,0.001053;
	  0.9995179,0.021588907,0.022312071,0.169628, -0.022157095,0.99942815,0.02553997,0.0244, -0.021747932,-0.02602203,0.9994247,3.6E-05;
	  0.9995173,0.020489907,0.023375366,0.169628, -0.021081092,0.99945736,0.025331233,0.0244, -0.022843633,-0.025811769,0.99940634,3.6E-05;
	  0.999673,0.019265644,0.016798891,0.169585, -0.01967536,0.9995041,0.024575254,0.0244, -0.016317107,-0.024897749,0.99955666,0.003842;
	  0.999673,0.019265644,0.016798891,0.169585, -0.01967536,0.9995041,0.024575254,0.0244, -0.016317107,-0.024897749,0.99955666,0.003842;
	  0.9998429,0.01640787,-0.006685174,0.169191, -0.01625713,0.99962544,0.022011068,0.0244, 0.0070438255,-0.021898933,0.99973524,0.012171;
	  0.9998033,0.014840234,-0.013166828,0.169191, -0.014573768,0.9996917,0.020107927,0.0244, 0.013461174,-0.019912077,0.99971116,0.012171;
	  0.9998375,0.013264156,-0.0122019565,0.168792, -0.013046845,0.9997579,0.017720038,0.0244, 0.012434044,-0.017557962,0.9997685,0.016833;
	  0.9998375,0.013264156,-0.0122019565,0.168792, -0.013046845,0.9997579,0.017720038,0.0244, 0.012434044,-0.017557962,0.9997685,0.016833;
	  0.9998375,0.013264156,-0.0122019565,0.168685, -0.013046845,0.9997579,0.017720038,0.0244, 0.012434044,-0.017557962,0.9997685,0.017871;
	  0.9998375,0.013264156,-0.0122019565,0.168685, -0.013046845,0.9997579,0.017720038,0.0244, 0.012434044,-0.017557962,0.9997685,0.017871;
	  0.99991965,0.006215287,0.010989979,0.168812, -0.0062627126,0.99997056,0.004286257,0.0244, -0.010963023,-0.004354743,0.9999298,0.01664;
	  0.99991965,0.006215287,0.010989979,0.168812, -0.0062627126,0.99997056,0.004286257,0.0244, -0.010963023,-0.004354743,0.9999298,0.01664;
	  0.99991965,0.006215287,0.010989979,0.168812, -0.0062627126,0.99997056,0.004286257,0.0244, -0.010963023,-0.004354743,0.9999298,0.01664;
	  0.9997474,5.3993717E-05,0.022487745,0.168812, 0.00015799371,0.9999558,-0.009424916,0.0244, -0.022487253,0.009426085,0.99970293,0.01664;
	  0.9997474,5.3993717E-05,0.022487745,0.169292, 0.00015799371,0.9999558,-0.009424916,0.0244, -0.022487253,0.009426085,0.99970293,0.010714;
	  0.9997474,5.3993717E-05,0.022487745,0.169292, 0.00015799371,0.9999558,-0.009424916,0.0244, -0.022487253,0.009426085,0.99970293,0.010714;
	  0.9997474,5.3993717E-05,0.022487745,0.169292, 0.00015799371,0.9999558,-0.009424916,0.0244, -0.022487253,0.009426085,0.99970293,0.010714;
	  0.9997474,5.3993717E-05,0.022487745,0.169292, 0.00015799371,0.9999558,-0.009424916,0.0244, -0.022487253,0.009426085,0.99970293,0.010714;
	  0.9998572,-0.009679876,0.013841935,0.169292, 0.010175124,0.9992938,-0.03616766,0.0244, -0.013482063,0.03630334,0.9992498,0.010714;
	  0.9998572,-0.009679876,0.013841935,0.169292, 0.010175124,0.9992938,-0.03616766,0.0244, -0.013482063,0.03630334,0.9992498,0.010714;
	  0.9998572,-0.009679876,0.013841935,0.169292, 0.010175124,0.9992938,-0.03616766,0.0244, -0.013482063,0.03630334,0.9992498,0.010714;
	  0.9998572,-0.009679876,0.013841935,0.169292, 0.010175124,0.9992938,-0.03616766,0.0244, -0.013482063,0.03630334,0.9992498,0.010714;
	  0.9998572,-0.009679876,0.013841935,0.169292, 0.010175124,0.9992938,-0.03616766,0.0244, -0.013482063,0.03630334,0.9992498,0.010714;
	  0.9998572,-0.009679876,0.013841935,0.169292, 0.010175124,0.9992938,-0.03616766,0.0244, -0.013482063,0.03630334,0.9992498,0.010714;
	  0.9998572,-0.009679876,0.013841935,0.169292, 0.010175124,0.9992938,-0.03616766,0.0244, -0.013482063,0.03630334,0.9992498,0.010714;
	  0.9998572,-0.009679876,0.013841935,0.169292, 0.010175124,0.9992938,-0.03616766,0.0244, -0.013482063,0.03630334,0.9992498,0.010714;
	  0.9993471,-0.026524227,0.024530217,0.169292, 0.028641775,0.9954901,-0.090438224,0.0244, -0.022020783,0.091081776,0.99559987,0.010714;
	  0.9993199,-0.027265336,0.024830334,0.169606, 0.029453665,0.995276,-0.092511795,0.0244, -0.022190668,0.09318022,0.9954021,0.003096;
	  0.9993161,-0.027530992,0.024670603,0.169606, 0.029703008,0.99526954,-0.092496224,0.0244, -0.022007396,0.09316579,0.995407,0.003096;
	  0.9993161,-0.027530992,0.024670603,0.169606, 0.029703008,0.99526954,-0.092496224,0.0244, -0.022007396,0.09316579,0.995407,0.003096;
	  0.9993161,-0.027530992,0.024670603,0.169602, 0.029703008,0.99526954,-0.092496224,0.0244, -0.022007396,0.09316579,0.995407,0.003274;
	  0.99932384,-0.027781896,0.02407579,0.169602, 0.029870108,0.9953821,-0.09122476,0.0244, -0.021430215,0.091882244,0.99553907,0.003274;
	  0.9987513,-0.027926257,0.041420102,0.169602, 0.028296737,0.9995643,-0.008385207,0.0244, -0.041167893,0.009546791,0.9991065,0.003274;
	  0.99768007,-0.023763163,0.06379105,0.169626, 0.018168839,0.99605227,0.086887784,0.024418, -0.06560396,-0.08552722,0.9941734,0.001298;
	  0.99618876,-0.024637606,0.08367489,0.169626, 0.009642401,0.98450637,0.17508508,0.024418, -0.086692125,-0.17361091,0.9809915,0.001298;
	  0.9949961,-0.038122043,0.09235319,0.169635, 0.015122957,0.9711598,0.23794864,0.024403, -0.098760806,-0.23536135,0.96687686,-0.000199;
	  0.99425113,-0.07045793,0.08063133,0.16964, 0.047444087,0.96493614,0.2581634,0.024404, -0.0959937,-0.25285363,0.9627311,0.000134;
	  0.9904674,-0.13334274,0.034561098,0.16964, 0.12309324,0.96939325,0.21242712,0.024404, -0.061828896,-0.20614786,0.9765657,0.000134;
	  0.97471106,-0.2197908,-0.04039091,0.16964, 0.2229032,0.96910024,0.10564016,0.024404, 0.015924092,-0.11197184,0.9935843,0.000134;
	  0.9432012,-0.30904973,-0.12190191,0.16964, 0.30764526,0.95100725,-0.030656915,0.024404, 0.12540409,-0.008586911,0.99206865,0.000134;
	  0.90448284,-0.38317373,-0.18732004,0.169682, 0.35806724,0.920805,-0.15461582,0.022003, 0.23172994,0.07277417,0.97005415,0.010546;
	  0.8776659,-0.42739233,-0.21688393,0.169685, 0.38146076,0.89689374,-0.22376227,0.021517, 0.2901561,0.113655776,0.9502063,0.011548;
	  0.8764659,-0.43765604,-0.20066187,0.169685, 0.39420092,0.89160335,-0.22282213,0.021982, 0.27643016,0.116194874,0.95398414,0.010652;
	  0.8932159,-0.4229119,-0.15268034,0.169685, 0.39644906,0.90097094,-0.17629474,0.021982, 0.21211767,0.096939266,0.9724244,0.010652;
	  0.9164903,-0.3893732,-0.09183703,0.169685, 0.37973377,0.91893697,-0.10657013,0.021982, 0.12588799,0.06279687,0.99005497,0.010652;
	  0.93681,-0.3479777,-0.036042728,0.169685, 0.34664834,0.937209,-0.03840395,0.021982, 0.047143273,0.023483047,0.9986124,0.010652;
	  0.9490596,-0.31509498,-0.0009443456,0.16967, 0.315096,0.94904935,0.004444933,0.024406, -0.0005043455,-0.0045160665,0.9999896,0.000392;
	  0.9555007,-0.29480714,0.010300114,0.16967, 0.29457682,0.955431,0.019368015,0.024406, -0.015550884,-0.015471987,0.99975884,0.000392;
	  0.96041536,-0.27842784,0.0089007355,0.169666, 0.27818215,0.96027386,0.022085125,0.024401, -0.014696263,-0.018734878,0.9997159,-0.000405;
	  0.96041536,-0.27842784,0.0089007355,0.169666, 0.27818215,0.96027386,0.022085125,0.024401, -0.014696263,-0.018734878,0.9997159,-0.000405;
	  0.96757174,-0.25258097,-0.002967029,0.169662, 0.25259802,0.9674829,0.013114917,0.024406, -0.0004420292,-0.013439083,0.9999101,0.000301;
	  0.9705347,-0.24096078,0.00055516604,0.169662, 0.24093723,0.9704673,0.011931665,0.024406, -0.0034138337,-0.011446334,0.9999286,0.000301;
	  0.97553027,-0.21889631,0.02060694,0.169662, 0.21858566,0.9756812,0.016310243,0.024406, -0.023676062,-0.011406757,0.9996543,0.000301;
	  0.9810482,-0.18630911,0.05322259,0.169662, 0.18537186,0.98241997,0.022078699,0.024406, -0.05640042,-0.0117943045,0.9983382,0.000301;
	  0.983266,-0.16093431,0.085369036,0.169662, 0.1592307,0.986887,0.026447976,0.024406, -0.08850598,-0.012412028,0.99599814,0.000301;
	  0.98156154,-0.15955916,0.105249055,0.169649, 0.15740383,0.9871218,0.028530326,0.024401, -0.10844595,-0.011437669,0.9940363,0.000589;
	  0.9748547,-0.19911613,0.10005623,0.169649, 0.19734289,0.97995114,0.027418923,0.024401, -0.103509754,-0.0069840783,0.994604,0.000589;
	  0.901294,-0.4325442,-0.023954943,0.169649, 0.4324387,0.90161073,-0.009689214,0.024401, 0.02578906,-0.0016262135,0.9996656,0.000589;
	  0.7440406,-0.65488553,-0.13239588,0.169649, 0.6514566,0.75508046,-0.07387796,0.024401, 0.14835115,-0.031281963,0.98844004,0.000589;
	  0.6809641,-0.7255893,-0.099033356,0.169649, 0.7239287,0.68738985,-0.058497433,0.024401, 0.11051966,-0.031858433,0.9933629,0.000589;
	  0.6628611,-0.7481861,-0.028856993,0.169723, 0.74826384,0.66332304,-0.0101906555,0.024442, 0.026766013,-0.014837655,0.9995316,0.000772;
	  0.7205322,-0.693389,0.006796084,0.169723, 0.693131,0.7204789,0.02191914,0.024442, -0.020094918,-0.01108286,0.99973726,0.000772;
	  0.92806304,-0.3630238,-0.083139256,0.169723, 0.3650032,0.9309579,0.009455034,0.024442, 0.07396677,-0.03912097,0.99649274,0.000772;
	  0.9848281,0.03448912,-0.1700726,0.169723, -0.02984688,0.99911106,0.029777966,0.024442, 0.1709484,-0.024250034,0.9849818,0.000772;
	  0.9860059,0.10364614,-0.13057533,0.169602, -0.09998488,0.9943974,0.034307837,0.0244, 0.13339964,-0.020772168,0.9908447,0.002326;
	}
	NAME "Bip01 Spine1"
	DEFAULT_POSE {1,0,0,0, 0,1,0,0, 0,0,1,0;}
	{
	  0.98185503,0.0075228196,0.18948327,0.158685, -0.02599218,0.9951209,0.09517695,-0.000199, -0.18784277,-0.09837507,0.97726,2E-05;
	  0.9885769,-0.01808232,0.14963,0.15869, 0.0016126772,0.99398935,0.10946588,-0.000199, -0.15071,-0.10797411,0.98266387,2.2E-05;
	  0.9894998,0.013687942,0.1438818,0.158684, -0.029262055,0.9938611,0.10669097,-0.000199, -0.1415382,-0.10978101,0.9838263,2.2E-05;
	  0.99088633,0.03271301,0.13066795,0.15868, -0.04539199,0.9944166,0.095263965,-0.000199, -0.12682202,-0.10032704,0.9868388,2E-05;
	  0.9963188,-0.008540092,0.08529805,0.158689, 0.0013449069,0.99645996,0.08405707,-0.000199, -0.08571395,-0.08363292,0.99280334,1.7E-05;
	  0.99705815,-0.070557825,0.029964093,0.158689, 0.06838218,0.9953191,0.068299994,-0.000199, -0.034642916,-0.06605001,0.9972154,1.7E-05;
	  0.9935533,-0.1128,-0.011295064,0.158689, 0.113249004,0.99209416,0.05406769,-0.000199, 0.0051069343,-0.054998297,0.99847317,1.7E-05;
	  0.99217963,-0.120204434,-0.033621725,0.158711, 0.12169157,0.99148417,0.046372082,-0.000198, 0.027761277,-0.05010092,0.99835825,1E-05;
	  0.99244773,-0.11274376,-0.048337113,0.158711, 0.11480426,0.99249125,0.042204216,-0.000198, 0.043215897,-0.047434784,0.9979391,1E-05;
	  0.9934089,-0.100142844,-0.055761512,0.158711, 0.10245415,0.9939225,0.040254153,-0.000198, 0.05139148,-0.045701846,0.9976319,1E-05;
	  0.994161,-0.09234379,-0.055817816,0.158705, 0.094585225,0.99475443,0.03893991,-0.000199, 0.051929187,-0.043992095,0.9976809,9E-06;
	  0.99482286,-0.09244421,-0.042199705,0.158705, 0.094068795,0.99482894,0.038284756,-0.000199, 0.038442295,-0.04205624,0.99837494,9E-06;
	  0.99533916,-0.09489824,-0.017137885,0.158705, 0.095504746,0.99466634,0.03895089,-0.000199, 0.013350111,-0.040406108,0.9990939,9E-06;
	  0.99523985,-0.09718808,0.007257712,0.158705, 0.09682093,0.9944873,0.040268194,-0.000199, -0.011131288,-0.039373804,0.9991629,9E-06;
	  0.99514914,-0.09674,0.017863255,0.158706, 0.09593599,0.99452543,0.0414128,-0.000199, -0.02177174,-0.039498195,0.9989822,8E-06;
	  0.9957224,-0.09186138,0.00988293,0.158706, 0.091322616,0.99477994,0.045522124,-0.000199, -0.01401307,-0.044424877,0.9989141,8E-06;
	  0.99643123,-0.083951764,-0.00877801,0.158706, 0.084301256,0.9950217,0.053153355,-0.000199, 0.0042719916,-0.053703655,0.9985479,8E-06;
	  0.99666095,-0.07542999,-0.03126292,0.158706, 0.077186,0.99524593,0.059395634,-0.000199, 0.026634082,-0.061610363,0.9977448,8E-06;
	  0.9963299,-0.06920266,-0.050368927,0.158701, 0.07214035,0.99564457,0.059051037,-0.000199, 0.046063073,-0.06246797,0.99698305,1.2E-05;
	  0.9959049,-0.068171635,-0.059383117,0.158701, 0.07100937,0.99636495,0.047062986,-0.000199, 0.055958882,-0.051087007,0.9971254,1.2E-05;
	  0.99558794,-0.0772412,-0.053282194,0.158701, 0.077923805,0.99690056,0.010851966,-0.000199, 0.052278817,-0.014956035,0.99852085,1.2E-05;
	  0.9949913,-0.093530074,-0.035270806,0.158701, 0.0918909,0.9947269,-0.045540076,-0.000199, 0.039344195,0.04207092,0.9983394,1.2E-05;
	  0.9940635,-0.10808676,-0.012448728,0.158701, 0.106295235,0.98920476,-0.10087204,-0.000199, 0.023217272,0.09894997,0.99482155,1.2E-05;
	  0.9934708,-0.1138699,0.0069538457,0.158701, 0.11375811,0.98421776,-0.13554895,-0.000199, 0.008590846,0.13545504,0.9907458,1.2E-05;
	  0.99375856,-0.10932792,0.0221452,0.158709, 0.11137406,0.983547,-0.14223315,-0.000197, -0.0062307976,0.14381187,0.98958504,-2.9E-05;
