SE_ANIM 0.1;

SEC_PER_FRAME 0.033333;
FRAMES 25;
ANIM_ID "besurel_run";

BONEENVELOPES 80
{
	NAME "Bip01"
	DEFAULT_POSE {1,0,0,0, 0,1,0,0, 0,0,1,0;}
	{
	  -0.012730122,0.9998424,-0.01236093,0.0, -0.24981761,0.008789539,0.9682529,2.45, 0.9682091,0.015413851,0.24966621,-0.0;
	  -0.0011247993,0.99981385,-0.019272119,0.004549, -0.27826518,0.018198252,0.96033216,2.460468, 0.96050394,0.0064432025,0.27819312,0.001725;
	  0.004005313,0.99967587,-0.025145054,0.009037, -0.29953203,0.025190115,0.95375377,2.472933, 0.95407796,0.00371176,0.299536,0.012587;
	  0.0032596588,0.9995332,-0.030389339,0.013738, -0.3139609,0.029875994,0.94896615,2.485192, 0.9494307,0.0064480007,0.3139119,0.030713;
	  0.0037138462,0.99945146,-0.032901496,0.018308, -0.32179338,0.03234601,0.946257,2.495309, 0.9468024,0.007072985,0.3217368,0.051547;
	  0.008509159,0.9994458,-0.03218177,0.018308, -0.32479498,0.033200383,0.9452016,2.495309, 0.9457462,0.0024095774,0.32489753,0.051547;
	  0.01582086,0.9994273,-0.029897988,0.023492, -0.3258926,0.033422828,0.9448154,2.510322, 0.94527394,-0.005204648,0.32623446,0.093928;
	  0.021152139,0.99937505,-0.028309196,0.025413, -0.32708794,0.03367448,0.9443934,2.516022, 0.94475675,-0.010716647,0.3275956,0.113822;
	  0.023782372,0.99935424,-0.026955128,0.026662, -0.3261918,0.03324437,0.94471943,2.521798, 0.94500494,-0.013674647,0.3267721,0.131109;
	  0.023782372,0.99935424,-0.026955128,0.027528, -0.3261918,0.03324437,0.94471943,2.526365, 0.94500494,-0.013674647,0.3267721,0.146004;
	  0.020904064,0.99944025,-0.026113898,0.02754, -0.32144874,0.031451344,0.94640434,2.528923, 0.94669604,-0.011389583,0.32192612,0.157935;
	  0.020904064,0.99944025,-0.026113898,0.026699, -0.32144874,0.031451344,0.94640434,2.53038, 0.94669604,-0.011389583,0.32192612,0.166901;
	  0.022488832,0.99949336,-0.022547752,0.024778, -0.31277883,0.028455615,0.94940025,2.529298, 0.9495603,-0.014297843,0.31326056,0.172241;
	  0.022488832,0.99949336,-0.022547752,0.021668, -0.31277883,0.028455615,0.94940025,2.526558, 0.9495603,-0.014297843,0.31326056,0.174741;
	  0.029263735,0.99941564,-0.017661244,0.018208, -0.3048062,0.025749445,0.95206624,2.522438, 0.95196474,-0.022477746,0.30538166,0.173383;
	  0.029263735,0.99941564,-0.017661244,0.015044, -0.3048062,0.025749445,0.95206624,2.517072, 0.95196474,-0.022477746,0.30538166,0.169677;
	  0.030988812,0.99944496,-0.0122380555,0.011822, -0.28894898,0.020679116,0.95712125,2.510753, 0.956843,-0.026123732,0.28942955,0.1632;
	  0.030988812,0.99944496,-0.0122380555,0.009218, -0.28894898,0.020679116,0.95712125,2.50406, 0.956843,-0.026123732,0.28942955,0.153542;
	  0.0204736,0.99975836,-0.008053929,0.006849, -0.26466265,0.013188124,0.9642513,2.495537, 0.9641241,-0.017609715,0.26486897,0.140768;
	  0.0204736,0.99975836,-0.008053929,0.004725, -0.26466265,0.013188124,0.9642513,2.483647, 0.9641241,-0.017609715,0.26486897,0.124836;
	  0.0204736,0.99975836,-0.008053929,0.002799, -0.26466265,0.013188124,0.9642513,2.470892, 0.9641241,-0.017609715,0.26486897,0.10519;
	  -0.0062526464,0.9999761,-0.0029092133,0.001234, -0.22508985,0.0014270544,0.97433686,2.458474, 0.9743178,0.006746888,0.22507548,0.079612;
	  -0.009366989,0.99995506,-0.001701206,-0.000147, -0.21869898,-0.00038826466,0.97579265,2.448915, 0.9757478,0.009512693,0.21869302,0.048971;
	  -0.009044409,0.9999496,-0.004272014,-0.001107, -0.2270315,0.002106905,0.9738847,2.445621, 0.973845,0.009777665,0.22700071,0.020386;
	  -0.012730122,0.9998424,-0.01236093,0.0, -0.24981761,0.008789539,0.9682529,2.45, 0.9682091,0.015413851,0.24966621,-0.0;
	}
	NAME "Bip01 Pelvis"
	DEFAULT_POSE {1,0,0,0, 0,1,0,0, 0,0,1,0;}
	{
	  4.7683716E-07,1.0000004,-9.23872E-07,0.0, 0.029872686,1.1920929E-06,0.99955404,0.0, 0.99955404,-1.1920929E-07,-0.029872358,-0.0;
	  2.3841858E-07,1.0000002,-9.834766E-07,0.0, 0.030467719,1.1920929E-06,0.99953604,0.0, 0.99953604,-2.9802322E-08,-0.03046745,-0.0;
	  -4.7683716E-07,0.9999997,-1.0728836E-06,0.0, 0.029887259,7.1525574E-07,0.99955297,0.0, 0.99955297,1.1920929E-07,-0.029887557,-0.0;
	  -5.9604645E-07,0.99999946,-1.013279E-06,0.0, 0.03034538,4.7683716E-07,0.99953896,0.0, 0.99953896,5.9604645E-08,-0.030345917,-0.0;
	  -2.3841858E-07,0.99999976,-1.0430813E-06,0.0, 0.030844212,8.34465E-07,0.999524,0.0, 0.999524,2.9802322E-08,-0.03084445,-0.0;
	  0.0,1.0,-9.834766E-07,0.0, 0.029592961,9.536743E-07,0.9995621,0.0, 0.999562,-5.9604645E-08,-0.029592872,-0.0;
	  -3.5762787E-07,0.99999964,-9.834766E-07,0.0, 0.02981636,5.9604645E-07,0.99955505,0.0, 0.9995551,-5.9604645E-08,-0.029816747,-0.0;
	  -3.5762787E-07,0.99999964,-9.834766E-07,0.0, 0.02981636,5.9604645E-07,0.99955505,0.0, 0.9995551,-5.9604645E-08,-0.029816747,-0.0;
	  -3.5762787E-07,0.99999964,-9.834766E-07,0.0, 0.02981636,5.9604645E-07,0.99955505,0.0, 0.9995551,-5.9604645E-08,-0.029816747,-0.0;
	  4.7683716E-07,1.0000005,-9.834766E-07,0.0, 0.033949465,1.4305115E-06,0.99942404,0.0, 0.9994241,-5.9604645E-08,-0.033948958,-0.0;
	  -4.7683716E-07,0.9999996,-1.013279E-06,0.0, 0.035479367,5.9604645E-07,0.99937,0.0, 0.99937,5.9604645E-08,-0.035479784,-0.0;
	  3.5762787E-07,1.0000002,-9.834766E-07,0.0, 0.034730732,1.3113022E-06,0.999397,0.0, 0.99939704,-5.9604645E-08,-0.034730434,-0.0;
	  3.5762787E-07,1.0000002,-9.834766E-07,0.0, 0.033885658,1.3113022E-06,0.999426,0.0, 0.999426,-2.9802322E-08,-0.03388536,-0.0;
	  3.5762787E-07,1.0000002,-9.23872E-07,0.0, 0.032712817,1.1920929E-06,0.99946505,0.0, 0.9994651,-1.1920929E-07,-0.03271258,-0.0;
	  -5.364418E-07,1.0,-5.662441E-07,0.0, 0.027693957,5.9604645E-07,0.9996165,0.0, 0.9996165,5.066395E-07,-0.027693927,-0.0;
	  -5.364418E-07,1.0,-5.662441E-07,0.0, 0.027693957,5.9604645E-07,0.9996165,0.0, 0.9996165,5.066395E-07,-0.027693927,-0.0;
	  -1.1920929E-07,0.9999999,-1.0430813E-06,0.0, 0.015932083,9.536743E-07,0.9998729,0.0, 0.9998729,2.9802322E-08,-0.015932202,-0.0;
	  7.1525574E-07,1.0000006,-9.23872E-07,0.0, 0.011087447,1.4305115E-06,0.9999391,0.0, 0.9999391,-8.940697E-08,-0.011086822,-0.0;
	  -5.9604645E-08,0.9999999,-9.834766E-07,0.0, 0.006468028,9.536743E-07,0.999979,0.0, 0.999979,-5.9604645E-08,-0.0064681172,-0.0;
	  -5.9604645E-08,0.9999999,-9.834766E-07,0.0, 0.006468028,9.536743E-07,0.999979,0.0, 0.999979,-5.9604645E-08,-0.0064681172,-0.0;
	  1.1920929E-07,1.0,-9.23872E-07,0.0, 0.011036009,9.536743E-07,0.9999391,0.0, 0.9999391,-8.940697E-08,-0.011035979,-0.0;
	  -3.5762787E-07,0.99999964,-1.013279E-06,0.0, 0.013618201,7.1525574E-07,0.99990696,0.0, 0.99990696,5.9604645E-08,-0.013618529,-0.0;
	  -3.5762787E-07,0.9999996,-9.834766E-07,0.0, 0.018526375,5.9604645E-07,0.999828,0.0, 0.999828,-2.9802322E-08,-0.018526793,-0.0;
	  -3.5762787E-07,0.9999996,-9.834766E-07,0.0, 0.018526375,5.9604645E-07,0.999828,0.0, 0.999828,-2.9802322E-08,-0.018526793,-0.0;
	  4.7683716E-07,1.0000004,-9.23872E-07,-0.0, 0.029872686,1.1920929E-06,0.99955404,0.0, 0.99955404,-1.1920929E-07,-0.029872358,-0.0;
	}
	NAME "Bip01 Spine"
	DEFAULT_POSE {1,0,0,0, 0,1,0,0, 0,0,1,0;}
	{
	  0.9227948,-0.38527128,-0.0039410973,0.169603, 0.3852407,0.922791,-0.0067928564,0.02441, 0.006253902,0.004750143,0.9999691,-0.005068;
	  0.9227948,-0.38527128,-0.0039410973,0.169601, 0.3852407,0.922791,-0.0067928564,0.02441, 0.006253902,0.004750143,0.9999691,-0.005169;
	  0.9227948,-0.38527128,-0.0039410973,0.169603, 0.3852407,0.922791,-0.0067928564,0.02441, 0.006253902,0.004750143,0.9999691,-0.00507;
	  0.9227898,-0.385284,-0.003940722,0.169603, 0.38526297,0.92279243,-0.005187886,0.02441, 0.0056352774,0.003269113,0.999979,-0.00507;
	  0.9227886,-0.38528618,-0.003941019,0.169599, 0.38526675,0.9227922,-0.004900873,0.024409, 0.005524981,0.0030041267,0.9999802,-0.005233;
	  0.9227891,-0.38528502,-0.0039408803,0.169605, 0.38526493,0.9227923,-0.0050157774,0.02441, 0.005569118,0.0031102223,0.9999795,-0.00502;
	  0.92278874,-0.3852848,-0.0039406084,0.169604, 0.38526514,0.9227922,-0.004939272,0.02441, 0.005539391,0.003039728,0.9999795,-0.005058;
	  0.9227884,-0.38528734,-0.0039407276,0.169604, 0.38526958,0.9227928,-0.004590855,0.02441, 0.0054052724,0.0027181446,0.9999819,-0.005058;
	  0.9227879,-0.38528806,-0.003940571,0.169604, 0.38527095,0.9227927,-0.0044644484,0.02441, 0.005356429,0.0026015514,0.99998224,-0.005058;
	  0.9227879,-0.38528806,-0.003940571,0.169604, 0.38527095,0.9227927,-0.0044644484,0.02441, 0.005356429,0.0026015514,0.99998224,-0.005058;
	  0.9227873,-0.38528916,-0.0039407867,0.169573, 0.38527384,0.9227929,-0.004133729,0.024409, 0.005229212,0.0022962708,0.99998355,-0.006019;
	  0.9227873,-0.38528916,-0.0039407867,0.169577, 0.38527384,0.9227929,-0.004133729,0.02441, 0.005229212,0.0022962708,0.99998355,-0.005892;
	  0.9227873,-0.38528916,-0.0039407867,0.169582, 0.38527384,0.9227929,-0.004133729,0.024409, 0.005229212,0.0022962708,0.99998355,-0.005749;
	  0.9227873,-0.38528916,-0.0039407867,0.169582, 0.38527384,0.9227929,-0.004133729,0.024409, 0.005229212,0.0022962708,0.99998355,-0.005749;
	  0.92279196,-0.38527787,-0.0039410694,0.169614, 0.38525409,0.9227929,-0.0056664017,0.02441, 0.0058199307,0.0037105982,0.9999759,-0.004698;
	  0.92279196,-0.38527787,-0.0039410694,0.169614, 0.38525409,0.9227929,-0.0056664017,0.02441, 0.0058199307,0.0037105982,0.9999759,-0.004698;
	  0.9227959,-0.38526794,-0.003940728,0.169658, 0.38523403,0.92278945,-0.007319081,0.024409, 0.006456272,0.0052359183,0.99996495,-0.002703;
	  0.9227959,-0.38526794,-0.003940728,0.169669, 0.38523403,0.92278945,-0.007319081,0.02441, 0.006456272,0.0052359183,0.99996495,-0.001882;
	  0.92279863,-0.38526225,-0.0039410135,0.169676, 0.38522172,0.9227866,-0.008311928,0.024409, 0.0068389867,0.006152072,0.9999577,-0.001098;
	  0.9227984,-0.38526344,-0.003941046,0.169676, 0.38522363,0.92278695,-0.008202725,0.024409, 0.006796955,0.006051276,0.99995875,-0.001098;
	  0.9227979,-0.38526437,-0.0039407974,0.169669, 0.38522568,0.9227874,-0.008037817,0.02441, 0.0067332024,0.0058991835,0.99995995,-0.001873;
	  0.9227979,-0.38526437,-0.0039407974,0.169664, 0.38522568,0.9227874,-0.008037817,0.024409, 0.0067332024,0.0058991835,0.99995995,-0.002311;
	  0.92279744,-0.3852659,-0.0039410335,0.16965, 0.38522804,0.92278767,-0.007912013,0.02441, 0.006684965,0.005782987,0.99996114,-0.003143;
	  0.9227967,-0.3852669,-0.0039409343,0.169632, 0.38523108,0.92278874,-0.0076061967,0.024409, 0.0065670656,0.0055008032,0.9999633,-0.004024;
	  0.9227948,-0.38527128,-0.0039410973,0.169603, 0.3852407,0.922791,-0.0067928564,0.02441, 0.006253902,0.004750143,0.9999691,-0.005068;
	}
	NAME "Bip01 Spine1"
	DEFAULT_POSE {1,0,0,0, 0,1,0,0, 0,0,1,0;}
	{
	  0.9955889,-0.09381698,-0.00045696413,0.158705, 0.09374702,0.9950125,-0.03407006,-0.000199, 0.003651036,0.033876948,0.99941885,-7E-06;
	  0.995134,-0.09813341,-0.00880995,0.158706, 0.097766586,0.9945829,-0.035297032,-0.000199, 0.012226047,0.034263965,0.9993377,-7E-06;
	  0.9957206,-0.091493435,-0.013003029,0.158705, 0.090932585,0.9951073,-0.038631864,-0.000199, 0.016473973,0.03728415,0.99916875,-7E-06;
	  0.9957206,-0.091493435,-0.013003029,0.158705, 0.090932585,0.9951073,-0.038631864,-0.000199, 0.016473973,0.03728415,0.99916875,-7E-06;
	  0.9989327,-0.045601618,-0.007339024,0.158705, 0.04524738,0.99805903,-0.04278787,-0.000199, 0.009275976,0.04241013,0.9990572,-7E-06;
	  0.9996469,-0.025447134,-0.0075749694,0.158705, 0.02511787,0.9988518,-0.040780827,-0.000199, 0.008604031,0.040576182,0.99913883,-7E-06;
	  0.9999889,-0.00083601836,-0.0046119825,0.158705, 0.00066298153,0.99930036,-0.037393734,-0.000199, 0.004640018,0.037390262,0.9992899,-7E-06;
	  0.99954605,0.029891985,0.0037042229,0.158705, -0.029749015,0.99897873,-0.03400031,-0.000199, -0.0047167772,0.033874687,0.9994148,-7E-06;
	  0.99839616,0.055919014,0.008818991,0.158705, -0.055618986,0.99796355,-0.031223288,-0.000199, -0.010547009,0.030682715,0.99947333,-7E-06;
	  0.99839616,0.055919014,0.008818991,0.158705, -0.055618986,0.99796355,-0.031223288,-0.000199, -0.010547009,0.030682715,0.99947333,-7E-06;
	  0.9944819,0.10367684,0.015989823,0.158705, -0.10316816,0.9942138,-0.029899307,-0.000199, -0.01899718,0.028084695,0.99942446,-7E-06;
	  0.9925486,0.120811336,0.015889555,0.158705, -0.120314665,0.99230695,-0.029187119,-0.000199, -0.019293446,0.02705788,0.99944794,-7E-06;
	  0.9906721,0.13526106,0.016506778,0.158705, -0.13477793,0.99049306,-0.027527258,-0.000199, -0.020073222,0.025045745,0.9994844,-7E-06;
	  0.9885782,0.14976284,0.016865313,0.158705, -0.14930615,0.9884572,-0.025694286,-0.000199, -0.020518687,0.022882713,0.9995277,-7E-06;
	  0.9874582,0.15740211,0.012257264,0.158705, -0.15706389,0.9872745,-0.024888152,-0.000199, -0.016018735,0.022650843,0.99961483,-7E-06;
	  0.9869573,0.1606793,0.0098541295,0.158705, -0.16037868,0.98671055,-0.026087318,-0.000199, -0.013914867,0.02416668,0.9996109,-7E-06;
	  0.9869282,0.16051742,0.014386146,0.158655, -0.16007957,0.98671615,-0.027671829,-0.000197, -0.018636854,0.025007177,0.9995135,-5E-06;
	  0.9880589,0.15288782,0.019121092,0.158655, -0.15225115,0.987849,-0.03122001,-0.000197, -0.023661904,0.027935991,0.99933004,-5E-06;
	  0.9903166,0.13688894,0.023115687,0.158655, -0.13600408,0.9900433,-0.03629062,-0.000197, -0.027853318,0.03279538,0.99907386,-5E-06;
	  0.99210227,0.120516784,0.034777045,0.158655, -0.11909024,0.9920559,-0.04053538,-0.000197, -0.03938596,0.03607362,0.99857295,-5E-06;
	  0.995085,0.089622796,0.04211776,0.158655, -0.087803215,0.99519944,-0.043233283,-0.000197, -0.045790248,0.03932271,0.99817705,-5E-06;
	  0.9984374,0.03894383,0.040061124,0.158655, -0.037215177,0.9983798,-0.043027047,-0.000197, -0.041671887,0.04146896,0.9982697,-5E-06;
	  0.9993237,-0.020892741,0.030262899,0.158655, 0.022122258,0.99891925,-0.04087958,-0.000197, -0.0293761,0.04152141,0.99870586,-5E-06;
	  0.9976901,-0.06666323,0.013062341,0.158655, 0.06711177,0.9970372,-0.037591606,-0.000197, -0.0105176605,0.038381405,0.999208,-5E-06;
	  0.9955889,-0.09381698,-0.00045696413,0.158705, 0.09374702,0.9950125,-0.03407006,-0.000199, 0.003651036,0.033876948,0.99941885,-7E-06;
	}
	NAME "Bip01 Spine2"
	DEFAULT_POSE {1,0,0,0, 0,1,0,0, 0,0,1,0;}
	{
	  0.97075903,-0.24004406,-0.0025583,0.251246, 0.24005696,0.9706745,0.012820882,-0.000321, -0.0005943,-0.01306012,0.9999149,4E-06;
	  0.97753906,-0.21055509,0.0091377385,0.251246, 0.21039991,0.9774921,0.015517053,-0.000321, -0.012199264,-0.013245949,0.99983764,4E-06;
	  0.9832561,-0.18160045,0.015139216,0.251246, 0.18140557,0.9833174,0.013392795,-0.000321, -0.017318789,-0.010422206,0.9997959,4E-06;
	  0.9832561,-0.18160045,0.015139216,0.251246, 0.18140557,0.9833174,0.013392795,-0.000321, -0.017318789,-0.010422206,0.9997959,4E-06;
	  0.989455,-0.14349227,0.019723577,0.251246, 0.14334174,0.9896338,0.008852782,-0.000321, -0.02078942,-0.005932217,0.99976647,4E-06;
	  0.9921427,-0.122819625,0.02381795,0.251246, 0.12257037,0.9923909,0.011662001,-0.000321, -0.025069049,-0.0086509995,0.99964786,4E-06;
	  0.99393594,-0.106509715,0.027318409,0.251246, 0.10610929,0.9942299,0.015715014,-0.000321, -0.02883459,-0.012720985,0.9995028,4E-06;
	  0.99393594,-0.106509715,0.027318409,0.251246, 0.10610929,0.9942299,0.015715014,-0.000321, -0.02883459,-0.012720985,0.9995028,4E-06;
	  0.9961604,-0.084183306,0.024030322,0.251246, 0.0836937,0.9962764,0.020702837,-0.000321, -0.025683677,-0.018612163,0.9994967,4E-06;
	  0.9961604,-0.084183306,0.024030322,0.251246, 0.0836937,0.9962764,0.020702837,-0.000321, -0.025683677,-0.018612163,0.9994967,4E-06;
	  0.9970001,-0.07320791,0.025127059,0.251246, 0.072646074,0.9971019,0.02258907,-0.000321, -0.026707938,-0.020695923,0.999429,4E-06;
	  0.99714947,-0.07043182,0.027046174,0.251246, 0.069791175,0.9972738,0.023943413,-0.000321, -0.02865883,-0.021987587,0.999347,4E-06;
	  0.99737847,-0.067250155,0.026717007,0.251246, 0.066568844,0.997453,0.025621345,-0.000321, -0.028371993,-0.023775654,0.9993148,4E-06;
	  0.99737847,-0.067250155,0.026717007,0.251188, 0.066568844,0.997453,0.025621345,-0.000329, -0.028371993,-0.023775654,0.9993148,8E-06;
	  0.99726164,-0.06978588,0.024469318,0.251188, 0.06910013,0.99722123,0.027833018,-0.000329, -0.026343679,-0.026065975,0.9993129,8E-06;
	  0.99699306,-0.07478881,0.020291274,0.251188, 0.07426618,0.9969152,0.025392154,-0.000329, -0.022127727,-0.023808843,0.99947166,8E-06;
	  0.9962324,-0.08613597,0.010090155,0.251188, 0.08590701,0.9960761,0.021271981,-0.000329, -0.011882844,-0.02032502,0.99972296,8E-06;
	  0.9962324,-0.08613597,0.010090155,0.251188, 0.08590701,0.9960761,0.021271981,-0.000329, -0.011882844,-0.02032502,0.99972296,8E-06;
	  0.9938178,-0.11068406,-0.0086846445,0.251188, 0.11074395,0.99382627,0.006745968,-0.000329, 0.007884355,-0.0076660337,0.9999397,8E-06;
	  0.9906218,-0.1351393,-0.020135732,0.251188, 0.13514368,0.9908252,-0.0011489963,-0.000329, 0.020106269,-0.0015829963,0.9997964,8E-06;
	  0.98650205,-0.16184275,-0.024908094,0.251188, 0.16173823,0.9868144,-0.0061679226,-0.000329, 0.0255779,0.0020560776,0.9996706,8E-06;
	  0.98209584,-0.186589,-0.025927035,0.251188, 0.18645397,0.98243463,-0.007553216,-0.000329, 0.026880966,0.0025837834,0.9996352,8E-06;
	  0.9773494,-0.21080081,-0.018753706,0.251188, 0.21077521,0.97752905,-0.0033538924,-0.000329, 0.01903929,-0.00067489233,0.9998187,8E-06;
	  0.9723325,-0.23347467,-0.007662746,0.251188, 0.23351932,0.97233605,0.0055531203,-0.000329, 0.006154253,-0.0071888794,0.99995494,8E-06;
	  0.97075903,-0.24004406,-0.0025583,0.251246, 0.24005696,0.9706745,0.012820882,-0.000321, -0.0005943,-0.01306012,0.9999149,4E-06;
	}
	NAME "Bip01 Neck"
	DEFAULT_POSE {1,0,0,0, 0,1,0,0, 0,0,1,0;}
	{
	  0.9629768,-0.26713583,0.036253996,0.459824, 0.26767418,0.9634489,-0.010821698,-0.061934, -0.032038003,0.020125302,0.99928415,-4E-06;
	  0.97814953,-0.20215918,0.048532996,0.459824, 0.20253985,0.9792695,-0.0030069188,-0.061934, -0.046919,0.012771081,0.9988172,-4E-06;
	  0.9857538,-0.15961397,0.053036984,0.459824, 0.15974104,0.9871572,0.001861854,-0.061934, -0.05265302,0.006636854,0.9985908,-4E-06;
	  0.99048674,-0.13061766,0.04329185,0.459824, 0.13058935,0.9914299,0.003493344,-0.061934, -0.04337715,0.0021933438,0.99905586,-4E-06;
	  0.99365294,-0.10847801,0.029774789,0.459824, 0.10839899,0.9940984,0.0042602983,-0.061934, -0.030061215,-0.0010057011,0.9995477,-4E-06;
	  0.9959345,-0.08695908,0.02351224,0.459824, 0.08681694,0.9961997,0.0070018643,-0.061934, -0.024031762,-0.0049321367,0.9996991,-4E-06;
	  0.99702954,-0.075966746,0.012665041,0.459791, 0.07585624,0.99707794,0.008989711,-0.06194, -0.013310956,-0.008002288,0.999879,1E-06;
	  0.9965563,-0.082718015,0.0058106133,0.459791, 0.08266398,0.9965371,0.00899315,-0.06194, -0.006534386,-0.00848185,0.9999429,1E-06;
	  0.99465144,-0.10320493,0.0042953547,0.459791, 0.10317909,0.9946461,0.0058552567,-0.06194, -0.004876646,-0.005380745,0.99997425,1E-06;
	  0.9919462,-0.12665509,0.0012769521,0.459791, 0.12665291,0.991946,0.0016610539,-0.06194, -0.0014770482,-0.0014859461,0.9999981,1E-06;
	  0.9875691,-0.15707217,-0.0059689204,0.459791, 0.15705483,0.9875845,-0.0032740738,-0.06194, 0.0064090793,0.0022959262,0.99997675,1E-06;
	  0.9832014,-0.1821945,-0.010997223,0.459791, 0.18212846,0.9832519,-0.0067441,-0.06194, 0.0120417755,0.0046278993,0.99991715,1E-06;
	  0.9773574,-0.21100628,-0.015779244,0.459791, 0.21083876,0.9774517,-0.011636176,-0.06194, 0.017878754,0.008045825,0.99980783,1E-06;
	  0.9705007,-0.24049528,-0.017021898,0.459791, 0.24025373,0.97059274,-0.015072094,-0.06194, 0.020146105,0.0105379075,0.9997412,1E-06;
	  0.9640087,-0.26497787,-0.021765664,0.459791, 0.26457906,0.96416533,-0.019570043,-0.06194, 0.02617133,0.013106955,0.99957144,1E-06;
	  0.9640087,-0.26497787,-0.021765664,0.459791, 0.26457906,0.96416533,-0.019570043,-0.06194, 0.02617133,0.013106955,0.99957144,1E-06;
	  0.94276965,-0.33204857,-0.03048908,0.459791, 0.33124647,0.94311273,-0.028538847,-0.06194, 0.03823092,0.016806154,0.99912775,1E-06;
	  0.92993104,-0.36657092,-0.029216958,0.459791, 0.3657631,0.9302381,-0.029563999,-0.06194, 0.038016036,0.016806,0.9991356,1E-06;
	  0.9152827,-0.40173706,-0.029393153,0.459791, 0.4009159,0.91561806,-0.03015386,-0.06194, 0.03902684,0.015815135,0.9991126,1E-06;
	  0.90690243,-0.4207389,-0.022514038,0.459791, 0.42022815,0.907096,-0.02419213,-0.06194, 0.030600965,0.012478868,0.9994539,1E-06;
	  0.90187645,-0.43175822,-0.014309201,0.459853, 0.43145478,0.9019102,-0.020143677,-0.061923, 0.021602802,0.011993326,0.9996952,-2E-06;
	  0.9080752,-0.4188059,-0.0010231142,0.459853, 0.418743,0.90797627,-0.015278969,-0.061923, 0.007327886,0.013446031,0.9998827,-2E-06;
	  0.9269773,-0.37483263,0.014624047,0.459853, 0.37497938,0.9269898,-0.008981052,-0.061923, -0.01018995,0.013808946,0.9998529,-2E-06;
	  0.94523704,-0.32496405,0.030424966,0.459853, 0.32533604,0.9455644,-0.008061571,-0.061923, -0.026149036,0.017518431,0.9995048,-2E-06;
	  0.9629768,-0.26713583,0.036253996,0.459824, 0.26767418,0.9634489,-0.010821698,-0.061934, -0.032038003,0.020125302,0.99928415,-4E-06;
	}
	NAME "Bip01 Head"
	DEFAULT_POSE {1,0,0,0, 0,1,0,0, 0,0,1,0;}
	{
	  0.6945329,0.7194546,-0.002880937,0.217668, -0.7192854,0.6944467,0.0192721,0.0, 0.015866064,-0.0113129,0.9998096,0.0;
	  0.72629404,0.6873318,-0.008452901,0.217668, -0.6872562,0.72634125,0.010333296,0.0, 0.013242097,-0.0016957037,0.9999106,0.0;
	  0.7508825,0.6604252,-0.0037428075,0.217668, -0.6604059,0.7508904,0.0052583604,0.0, 0.006283192,-0.0014766388,0.99997914,0.0;
	  0.7727792,0.6346584,0.004571017,0.217668, -0.6346746,0.77276516,0.0047038523,0.0, -0.00054698344,-0.0065361485,0.9999784,0.0;
	  0.7978258,0.60277903,0.011465946,0.217668, -0.6028609,0.7978262,0.0056799874,0.0, -0.005724054,-0.011444012,0.9999182,0.0;
	  0.8240415,0.5664473,0.009654848,0.217668, -0.5665167,0.8240179,0.0073097944,0.0, -0.003815153,-0.011493206,0.9999267,0.0;
	  0.8502424,0.526244,0.012487089,0.217668, -0.52636606,0.8501971,0.010218784,0.0, -0.0052389107,-0.015261218,0.9998702,0.0;
	  0.8710278,0.491123,0.01045511,0.217668, -0.49122503,0.8709446,0.012406118,0.0, -0.0030128907,-0.015941883,0.99986863,0.0;
	  0.88564324,0.46436596,0.000909657,0.217668, -0.46433598,0.88556015,0.013263706,0.0, 0.0053536566,-0.012169294,0.9999119,0.0;
	  0.8984829,0.43897825,-0.0051990254,0.217668, -0.43886977,0.8984332,0.014545139,0.0, 0.011055975,-0.010786861,0.9998809,0.0;
	  0.9054843,0.4242972,-0.008363005,0.217668, -0.4241038,0.90543044,0.018211003,0.0, 0.015298998,-0.012942998,0.99979913,0.0;
	  0.9139534,0.40559268,-0.013555044,0.217668, -0.4052443,0.91392684,0.022691827,0.0, 0.021591956,-0.015246169,0.9996506,0.0;
	  0.9183872,0.39543363,-0.014072275,0.217668, -0.3949903,0.9183022,0.02654335,0.0, 0.023418726,-0.018818652,0.99954903,0.0;
	  0.9207026,0.38991705,-0.016461182,0.217668, -0.38932094,0.9205905,0.030688081,0.0, 0.02711982,-0.021845918,0.9993932,0.0;
	  0.92069435,0.39013603,-0.010809655,0.217668, -0.38953593,0.9202889,0.036483034,0.0, 0.024181344,-0.029378958,0.9992763,0.0;
	  0.91333187,0.40720913,-0.002450835,0.217668, -0.40668193,0.9124247,0.04573317,0.0, 0.020859165,-0.04077284,0.99895096,0.0;
	  0.90334296,0.42888984,0.0050277663,0.217668, -0.42855415,0.9020282,0.05183372,0.0, 0.017695766,-0.048978284,0.99864316,0.0;
	  0.889079,0.45766523,0.009000077,0.217668, -0.4573408,0.88727033,0.059922796,0.0, 0.019439079,-0.057392206,0.9981624,0.0;
	  0.867295,0.4975761,0.014717387,0.217668, -0.49731687,0.86479163,0.069357954,0.0, 0.021783387,-0.06747305,0.9974828,0.0;
	  0.84356916,0.53687084,0.012674408,0.217668, -0.5362061,0.8407562,0.07491279,0.0, 0.029562408,-0.06999022,0.99710953,0.0;
	  0.8092798,0.5873247,0.010781951,0.217668, -0.5863653,0.80658436,0.07481808,0.0, 0.03524595,-0.066870905,0.9971391,0.0;
	  0.7754817,0.631308,0.008890815,0.217668, -0.630349,0.7733494,0.067761734,0.0, 0.035902813,-0.058152273,0.9976623,0.0;
	  0.7461177,0.6658139,0.00061396137,0.217668, -0.66485405,0.7449918,0.054373085,0.0, 0.03574496,-0.04097691,0.9985206,0.0;
	  0.71227777,0.7018857,-0.0040630614,0.217668, -0.7013353,0.71192694,0.035895206,0.0, 0.028086938,-0.022717796,0.9993471,0.0;
	  0.6945329,0.7194546,-0.002880937,0.217668, -0.7192854,0.6944467,0.0192721,0.0, 0.015866064,-0.0113129,0.9998096,0.0;
	}
	NAME "Bip01 Ponytail1"
	DEFAULT_POSE {1,0,0,0, 0,1,0,0, 0,0,1,0;}
	{
	  -0.6276705,-0.778479,-1.8913905E-06,-0.004927, 0.778479,-0.6276705,-5.2391388E-06,0.077401, 2.8913905E-06,-4.760861E-06,0.9999995,0.0;
	  -0.6276705,-0.778479,-1.8913905E-06,-0.004927, 0.778479,-0.6276705,-5.2391388E-06,0.077401, 2.8913905E-06,-4.760861E-06,0.9999995,0.0;
	  -0.6276705,-0.778479,-1.8913905E-06,-0.004927, 0.778479,-0.6276705,-5.2391388E-06,0.077401, 2.8913905E-06,-4.760861E-06,0.9999995,0.0;
	  -0.6276705,-0.778479,-1.8913905E-06,-0.004927, 0.778479,-0.6276705,-5.2391388E-06,0.077401, 2.8913905E-06,-4.760861E-06,0.9999995,0.0;
	  -0.6276705,-0.778479,-1.8913905E-06,-0.004928, 0.778479,-0.6276705,-5.2391388E-06,0.077401, 2.8913905E-06,-4.760861E-06,0.9999995,0.0;
	  -0.6276705,-0.778479,-1.8913905E-06,-0.004928, 0.778479,-0.6276705,-5.2391388E-06,0.077401, 2.8913905E-06,-4.760861E-06,0.9999995,0.0;
	  -0.6276705,-0.778479,-1.8913905E-06,-0.004928, 0.778479,-0.6276705,-5.2391388E-06,0.077401, 2.8913905E-06,-4.760861E-06,0.9999995,0.0;
	  -0.6276705,-0.778479,-1.8913905E-06,-0.004928, 0.778479,-0.6276705,-5.2391388E-06,0.077401, 2.8913905E-06,-4.760861E-06,0.9999995,0.0;
	  -0.6276705,-0.778479,-1.8913905E-06,-0.004928, 0.778479,-0.6276705,-5.2391388E-06,0.077401, 2.8913905E-06,-4.760861E-06,0.9999995,0.0;
	  -0.6276705,-0.778479,-1.8913905E-06,-0.004928, 0.778479,-0.6276705,-5.2391388E-06,0.077401, 2.8913905E-06,-4.760861E-06,0.9999995,0.0;
	  -0.6276705,-0.778479,-1.8913905E-06,-0.004927, 0.778479,-0.6276705,-5.2391388E-06,0.077401, 2.8913905E-06,-4.760861E-06,0.9999995,0.0;
	  -0.6276705,-0.778479,-1.8913905E-06,-0.004927, 0.778479,-0.6276705,-5.2391388E-06,0.077401, 2.8913905E-06,-4.760861E-06,0.9999995,0.0;
	  -0.6276705,-0.778479,-1.8913905E-06,-0.004928, 0.778479,-0.6276705,-5.2391388E-06,0.077401, 2.8913905E-06,-4.760861E-06,0.9999995,0.0;
	  -0.6276705,-0.778479,-1.8913905E-06,-0.004928, 0.778479,-0.6276705,-5.2391388E-06,0.077401, 2.8913905E-06,-4.760861E-06,0.9999995,0.0;
	  -0.6276705,-0.778479,-1.8913905E-06,-0.004928, 0.778479,-0.6276705,-5.2391388E-06,0.077401, 2.8913905E-06,-4.760861E-06,0.9999995,0.0;
	  -0.6276705,-0.778479,-1.8913905E-06,-0.004928, 0.778479,-0.6276705,-5.2391388E-06,0.077401, 2.8913905E-06,-4.760861E-06,0.9999995,0.0;
	  -0.6276705,-0.778479,-1.8913905E-06,-0.004927, 0.778479,-0.6276705,-5.2391388E-06,0.077401, 2.8913905E-06,-4.760861E-06,0.9999995,0.0;
	  -0.6276705,-0.778479,-1.8913905E-06,-0.004927, 0.778479,-0.6276705,-5.2391388E-06,0.077401, 2.8913905E-06,-4.760861E-06,0.9999995,0.0;
	  -0.6276705,-0.778479,-1.8913905E-06,-0.004928, 0.778479,-0.6276705,-5.2391388E-06,0.077401, 2.8913905E-06,-4.760861E-06,0.9999995,0.0;
	  -0.6276705,-0.778479,-1.8913905E-06,-0.004928, 0.778479,-0.6276705,-5.2391388E-06,0.077401, 2.8913905E-06,-4.760861E-06,0.9999995,0.0;
	  -0.6276705,-0.778479,-1.8913905E-06,-0.004928, 0.778479,-0.6276705,-5.2391388E-06,0.077401, 2.8913905E-06,-4.760861E-06,0.9999995,0.0;
	  -0.6276705,-0.778479,-1.8913905E-06,-0.004928, 0.778479,-0.6276705,-5.2391388E-06,0.077401, 2.8913905E-06,-4.760861E-06,0.9999995,0.0;
	  -0.6276705,-0.778479,-1.8913905E-06,-0.004927, 0.778479,-0.6276705,-5.2391388E-06,0.077401, 2.8913905E-06,-4.760861E-06,0.9999995,0.0;
	  -0.6276705,-0.778479,-1.8913905E-06,-0.004927, 0.778479,-0.6276705,-5.2391388E-06,0.077401, 2.8913905E-06,-4.760861E-06,0.9999995,0.0;
	  -0.6276705,-0.778479,-1.8913905E-06,-0.004928, 0.778479,-0.6276705,-5.2391388E-06,0.077401, 2.8913905E-06,-4.760861E-06,0.9999995,0.0;
	}
	NAME "Bip01 L Clavicle"
	DEFAULT_POSE {1,0,0,0, 0,1,0,0, 0,0,1,0;}
	{
	  -0.21378452,-0.26102057,0.9413631,-0.13794, -0.0774496,-0.9560795,-0.28269002,0.078693, 0.9738058,-0.13334295,0.18417907,0.095324;
	  -0.23970693,-0.19379029,0.95130754,-0.144183, -0.10079828,-0.96961194,-0.22291785,0.068775, 0.96559846,-0.14932513,0.2128892,0.093725;
	  -0.25217438,-0.14998493,0.9559878,-0.14752, -0.120958924,-0.9752815,-0.18491895,0.062054, 0.9600922,-0.16226707,0.22779894,0.093209;
	  -0.2528981,-0.12213189,0.9597533,-0.148391, -0.13762288,-0.9773717,-0.16063796,0.057405, 0.9576547,-0.17270903,0.2303673,0.094783;
	  -0.24399948,-0.10220246,0.96437466,-0.148356, -0.15075846,-0.978344,-0.14182672,0.053854, 0.9579853,-0.1799933,0.22330701,0.096894;
	  -0.23526508,-0.08188711,0.9684757,-0.148902, -0.16236712,-0.9791305,-0.12223078,0.0503, 0.9582733,-0.18600522,0.21705997,0.097954;
	  -0.22113097,-0.07299255,0.9725088,-0.148394, -0.16906454,-0.97922766,-0.11193908,0.048369, 0.9604782,-0.18916994,0.20419729,0.099678;
	  -0.21088523,-0.0808679,0.97415996,-0.14738, -0.1706539,-0.978222,-0.11814809,0.049315, 0.96249914,-0.1911599,0.19249201,0.100715;
	  -0.20617121,-0.10128528,0.97326016,-0.146152, -0.16654527,-0.9764839,-0.13690108,0.052638, 0.9642389,-0.19031692,0.18445504,0.100828;
	  -0.20054829,-0.12485225,0.97169554,-0.146152, -0.16394725,-0.973582,-0.15893172,0.052638, 0.96586835,-0.1911803,0.17478085,0.100828;
	  -0.19062734,-0.15613587,0.9691662,-0.146152, -0.15790986,-0.96953595,-0.18725514,0.052638, 0.9688788,-0.18873686,0.16016519,0.100828;
	  -0.1785289,-0.18184522,0.96698517,-0.146152, -0.15187621,-0.96590227,-0.20968172,0.052638, 0.97214276,-0.18429631,0.14482415,0.100828;
	  -0.16633797,-0.21114448,0.9631978,-0.146152, -0.14530548,-0.9608936,-0.23573273,0.052638, 0.97530425,-0.17916924,0.12915301,0.100828;
	  -0.15441906,-0.24050903,0.95828485,-0.146152, -0.13873503,-0.95503056,-0.26204813,0.052638, 0.9782163,-0.17341287,0.11410749,0.100828;
	  -0.13703871,-0.2656627,0.9542766,-0.132318, -0.13049072,-0.9501281,-0.28324693,0.077684, 0.9819332,-0.16334005,0.09553802,0.103747;
	  -0.12040174,-0.30074358,0.94607437,-0.132318, -0.12057458,-0.9415215,-0.31464112,0.077684, 0.98537564,-0.15195586,0.07709873,0.103747;
	  -0.11012143,-0.33370426,0.936224,-0.12539, -0.108432285,-0.93229663,-0.34505868,0.087349, 0.98798597,-0.13951533,0.066482306,0.104676;
	  -0.10065997,-0.3679409,0.9243848,-0.122181, -0.096270904,-0.92114186,-0.37713343,0.092055, 0.9902523,-0.1269536,0.05730021,0.104447;
	  -0.093808234,-0.40307707,0.9103451,-0.118551, -0.08301504,-0.9080266,-0.41060472,0.096691, 0.9921229,-0.11409034,0.051718116,0.104449;
	  -0.0884766,-0.42130572,0.90259266,-0.118551, -0.077647716,-0.9004717,-0.42792714,0.096691, 0.99304724,-0.107945845,0.046957374,0.104449;
	  -0.08934796,-0.4315433,0.89765704,-0.117148, -0.07129328,-0.89617836,-0.43792886,0.100301, 0.9934461,-0.10312514,0.049306393,0.102617;
	  -0.09696698,-0.41731372,0.90357393,-0.120005, -0.07044774,-0.90269774,-0.42446887,0.098729, 0.9927909,-0.10481405,0.05813217,0.100822;
	  -0.11786991,-0.3717087,0.9208361,-0.12627, -0.0731937,-0.921526,-0.38135615,0.092871, 0.99032784,-0.11234981,0.08141327,0.098703;
	  -0.15644562,-0.32019624,0.934344,-0.12627, -0.07033223,-0.93997955,-0.3339038,0.092871, 0.985179,-0.117952235,0.124535084,0.098703;
	  -0.21378452,-0.26102057,0.9413631,-0.13794, -0.0774496,-0.9560795,-0.28269002,0.078693, 0.9738058,-0.13334295,0.18417907,0.095324;
	}
	NAME "Bip01 L UpperArm"
	DEFAULT_POSE {1,0,0,0, 0,1,0,0, 0,0,1,0;}
	{
	  0.6739044,-0.2180829,0.7058983,0.24748, -0.14523989,0.89769363,0.41599408,0.0, -0.7244017,-0.38286492,0.5732856,-0.0;
	  0.64457095,-0.21257514,0.7343972,0.24748, -0.14552814,0.908893,0.39081216,0.0, -0.75056577,-0.3587818,0.55491066,-0.0;
	  0.6130042,-0.22113416,0.75850224,0.24748, -0.13148615,0.9180913,0.37392494,0.0, -0.7790618,-0.32895008,0.53371775,-0.0;
	  0.5875869,-0.22382092,0.77759,0.24748, -0.10576692,0.9314933,0.3480432,0.0, -0.802219,-0.28674883,0.5236602,-0.0;
	  0.5665741,-0.22012074,0.7940659,0.24748, -0.07264875,0.94656324,0.31422973,0.0, -0.82080203,-0.23572232,0.5203067,-0.0;
	  0.547423,-0.21456811,0.808881,0.24748, -0.040509105,0.9586439,0.28171024,0.0, -0.835875,-0.18698174,0.5160918,-0.0;
	  0.53114486,-0.20780692,0.82140195,0.24748, -0.012675919,0.9673989,0.25293946,0.0, -0.8471861,-0.14475955,0.51119494,-0.0;
	  0.5165335,-0.19242835,0.83436525,0.24748, 0.010263659,0.9757432,0.21868011,0.0, -0.85620594,-0.10439188,0.5059788,-0.0;
	  0.50465214,-0.18263982,0.84378266,0.24748, 0.0353612,0.9809191,0.19117454,0.0, -0.8625984,-0.06663945,0.5014812,-0.0;
	  0.49693084,-0.17237833,0.85049677,0.24748, 0.05865567,0.98450255,0.16526711,0.0, -0.86580515,-0.032239906,0.4993409,-0.0;
	  0.49403965,-0.16266388,0.85408723,0.24748, 0.077190116,0.9866694,0.14326465,0.0, -0.8660059,-0.0048513412,0.50001,-0.0;
	  0.4956845,-0.15516824,0.8545286,0.24748, 0.09224975,0.98775077,0.12584807,0.0, -0.8635892,0.01644909,0.50392723,-0.0;
	  0.50617504,-0.14606394,0.849972,0.24748, 0.10164507,0.9887886,0.10938733,0.0, -0.85642004,0.031026326,0.51534665,-0.0;
	  0.5214833,-0.13242035,0.84292376,0.24748, 0.10436464,0.990366,0.09101674,0.0, -0.84685516,0.040507734,0.53027916,-0.0;
	  0.53932524,-0.12506014,0.8327593,0.24748, 0.098177865,0.9915049,0.0853163,0.0, -0.8363547,0.035745293,0.54702175,-0.0;
	  0.55779064,-0.10639018,0.82313466,0.24748, 0.07768282,0.994089,0.07584488,0.0, -0.8263383,0.021637866,0.5627582,-0.0;
	  0.58139694,-0.08292024,0.8093837,0.24748, 0.046082765,0.99655235,0.06899321,0.0, -0.8123141,-0.0028137974,0.5832137,-0.0;
	  0.597106,-0.06659772,0.79939324,0.24748, 0.012137279,0.9971839,0.07400979,0.0, -0.8020708,-0.03448921,0.59623265,-0.0;
	  0.61270714,-0.053963773,0.7884659,0.24748, -0.021351775,0.99617195,0.08477167,0.0, -0.79002196,-0.06877532,0.6092092,-0.0;
	  0.6204498,-0.054394014,0.782357,0.24748, -0.049846016,0.9928391,0.10855847,0.0, -0.7826599,-0.106352516,0.6132958,-0.0;
	  0.63002515,-0.064320944,0.7739069,0.24748, -0.07338295,0.98717403,0.14178585,0.0, -0.7731002,-0.14612015,0.6172241,-0.0;
	  0.6378101,-0.094907135,0.76432395,0.24748, -0.09436613,0.97527254,0.19984716,0.0, -0.76439095,-0.1995908,0.6130825,-0.0;
	  0.64680505,-0.13197398,0.7511497,0.24748, -0.116985984,0.9560888,0.26871604,0.0, -0.7536294,-0.2616809,0.60296404,-0.0;
	  0.6578518,-0.18460795,0.7301726,0.24748, -0.13256097,0.92597806,0.35354418,0.0, -0.7413904,-0.3293718,0.58468413,-0.0;
	  0.67390406,-0.21808293,0.7058982,0.24748, -0.14523992,0.8976934,0.41599405,0.0, -0.72440165,-0.3828649,0.5732852,-0.0;
	}
	NAME "Bip01 L Forearm"
	DEFAULT_POSE {1,0,0,0, 0,1,0,0, 0,0,1,0;}
	{
	  0.48232102,0.875995,0.0,0.382336, -0.875995,0.48232102,-0.0,0.0, -0.0,0.0,1.0000005,-0.0;
	  0.51396954,0.8578084,0.0,0.382336, -0.8578084,0.51396954,-0.0,0.0, -0.0,0.0,1.0,-0.0;
	  0.533453,0.84583,0.0,0.382336, -0.84583,0.533453,-0.0,0.0, -0.0,0.0,1.0000005,-0.0;
	  0.54703605,0.837109,0.0,0.382336, -0.837109,0.54703605,-0.0,0.0, -0.0,0.0,1.0,-0.0;
	  0.5645498,0.825399,0.0,0.382336, -0.825399,0.5645498,-0.0,0.0, -0.0,0.0,1.0,-0.0;
	  0.5645498,0.825399,0.0,0.382336, -0.825399,0.5645498,-0.0,0.0, -0.0,0.0,1.0,-0.0;
	  0.60566306,0.795721,0.0,0.382336, -0.795721,0.60566306,0.0,0.0, 0.0,-0.0,0.99999976,-0.0;
	  0.6191919,0.78524,-0.0,0.382336, -0.78524,0.6191919,0.0,0.0, 0.0,0.0,1.0000002,-0.0;
	  0.61778414,0.786348,0.0,0.382336, -0.786348,0.61778414,0.0,0.0, 0.0,-0.0,1.0000002,-0.0;
	  0.61778414,0.786348,0.0,0.382336, -0.786348,0.61778414,0.0,0.0, 0.0,-0.0,1.0000002,-0.0;
	  0.61778414,0.786348,0.0,0.382336, -0.786348,0.61778414,0.0,0.0, 0.0,-0.0,1.0000002,-0.0;
	  0.61778414,0.786348,0.0,0.382336, -0.786348,0.61778414,0.0,0.0, 0.0,-0.0,1.0000002,-0.0;
	  0.61778414,0.786348,0.0,0.382336, -0.786348,0.61778414,0.0,0.0, 0.0,-0.0,1.0000002,-0.0;
	  0.61778414,0.786348,0.0,0.382336, -0.786348,0.61778414,0.0,0.0, 0.0,-0.0,1.0000002,-0.0;
	  0.507355,0.8617371,0.0,0.382336, -0.8617371,0.507355,-0.0,0.0, -0.0,0.0,0.9999999,-0.0;
	  0.507355,0.8617371,0.0,0.382336, -0.8617371,0.507355,-0.0,0.0, -0.0,0.0,0.9999999,-0.0;
	  0.48479903,0.874625,0.0,0.382336, -0.874625,0.48479903,-0.0,0.0, -0.0,0.0,0.9999993,-0.0;
	  0.47601604,0.879436,0.0,0.382335, -0.879436,0.47601604,0.0,0.0, 0.0,-0.0,0.9999993,0.0;
	  0.46290803,0.886407,0.0,0.382335, -0.886407,0.46290803,-0.0,0.0, -0.0,0.0,1.000001,0.0;
	  0.46290803,0.886407,0.0,0.382335, -0.886407,0.46290803,-0.0,0.0, -0.0,0.0,1.000001,0.0;
	  0.46290803,0.886407,0.0,0.382335, -0.886407,0.46290803,-0.0,0.0, -0.0,0.0,1.000001,0.0;
	  0.40858698,0.9127201,0.0,0.382335, -0.9127201,0.40858698,0.0,0.0, 0.0,-0.0,1.000001,0.0;
	  0.40928996,0.91240394,0.0,0.382335, -0.91240394,0.40928996,-0.0,0.0, -0.0,0.0,0.9999995,0.0;
	  0.43394792,0.900938,-0.0,0.382335, -0.900938,0.43394792,0.0,0.0, 0.0,0.0,1.0,0.0;
	  0.48232102,0.875995,0.0,0.382336, -0.875995,0.48232102,0.0,-0.0, 0.0,-0.0,1.0000005,-0.0;
	}
	NAME "Bip01 L Hand"
	DEFAULT_POSE {1,0,0,0, 0,1,0,0, 0,0,1,0;}
	{
	  0.97697973,-0.13479611,-0.16534731,0.589856, 0.16933188,0.018570542,0.98538387,-0.0, -0.12975532,-0.99069905,0.0409683,0.0;
	  0.976856,-0.13838448,-0.16310051,0.589856, 0.16926949,0.0339669,0.98498416,-0.0, -0.13076651,-0.9897958,0.0566051,0.0;
	  0.97648096,-0.1393047,-0.16455656,0.589856, 0.17105031,0.035919785,0.9846072,-0.0, -0.13124958,-0.9895978,0.058903098,0.0;
	  0.9764309,-0.13915962,-0.1649752,0.589857, 0.17224437,0.041835666,0.9841653,-0.0, -0.1300542,-0.9893857,0.0648191,-0.0;
	  0.9754106,-0.14348625,-0.16729006,0.589856, 0.17577074,0.048529625,0.9832342,-0.0, -0.13296208,-0.9884618,0.07255697,0.0;
	  0.9751301,-0.1450481,-0.16757995,0.589857, 0.17752193,0.058463097,0.98237896,0.0, -0.13269496,-0.98769605,0.08275831,-0.0;
	  0.9744549,-0.1454444,-0.17112243,0.589856, 0.18220663,0.06655598,0.98100495,0.0, -0.13129243,-0.98712504,0.091356754,0.0;
	  0.9732995,-0.15173699,-0.17222929,0.589856, 0.18543904,0.07759583,0.97958696,0.0, -0.13527527,-0.98537004,0.103662014,0.0;
	  0.9725015,-0.15510413,-0.17373508,0.589857, 0.18970588,0.09481537,0.9772523,0.0, -0.1351031,-0.9833377,0.12163222,0.0;
	  0.9716419,-0.15671393,-0.1770648,0.589857, 0.19327608,0.09498191,0.9765359,0.0, -0.13621879,-0.98306596,0.12257755,0.0;
	  0.97110844,-0.16032787,-0.17675823,0.589856, 0.19420113,0.10047674,0.9758024,0.0, -0.13868824,-0.9819366,0.12870967,0.0;
	  0.9706979,-0.16433565,-0.1753239,0.589856, 0.19373132,0.10352349,0.97557706,0.0, -0.14217192,-0.98095673,0.13232708,0.0;
	  0.97015166,-0.16424754,-0.17840546,0.589856, 0.19743747,0.10783732,0.9743662,0.0, -0.14079848,-0.9805069,0.13704717,0.0;
	  0.9696789,-0.16724418,-0.17819405,0.589856, 0.19862081,0.1145072,0.9733645,0.0, -0.14238504,-0.97924364,0.14425337,0.0;
	  0.9682653,-0.1752859,-0.17814603,0.589857, 0.19986007,0.11509299,0.9730411,0.0, -0.15005702,-0.9777668,0.14647329,-0.0;
	  0.9685919,-0.17046085,-0.18103585,0.589857, 0.20062217,0.10558987,0.97396207,0.0, -0.14690685,-0.979691,0.13647163,-0.0;
	  0.9681945,-0.17439774,-0.17940186,0.589857, 0.19874427,0.10049975,0.97488487,0.0, -0.15198787,-0.9795332,0.13196385,-0.0;
	  0.9680655,-0.17294142,-0.18149853,0.589857, 0.19807258,0.08382201,0.976597,0.0, -0.1536805,-0.9813592,0.115400076,-0.0;
	  0.96896195,-0.17006181,-0.17942204,0.589857, 0.19420819,0.07458401,0.97812104,0.0, -0.15295903,-0.982607,0.10529637,-0.0;
	  0.96921325,-0.17079993,-0.17735125,0.589856, 0.19078706,0.06562805,0.97943527,-0.0, -0.15564825,-0.98311776,0.09619403,0.0;
	  0.9708891,-0.16620713,-0.17248431,0.589857, 0.1846059,0.060358405,0.9809578,0.0, -0.15263131,-0.98424226,0.08928406,-0.0;
	  0.9718275,-0.16256331,-0.17065912,0.589857, 0.18171273,0.055635452,0.9817766,0.0, -0.15010613,-0.9851284,0.08360791,-0.0;
	  0.97397065,-0.15436544,-0.16598903,0.589856, 0.17408155,0.040379643,0.98390293,0.0, -0.14517803,-0.9871882,0.06620073,0.0;
	  0.97557855,-0.14946823,-0.16095549,0.589857, 0.16808976,0.036308765,0.985103,0.0, -0.1413975,-0.98809993,0.06054616,-0.0;
	  0.97697973,-0.13479559,-0.16534682,0.589856, 0.16933136,0.018570542,0.98538387,-0.0, -0.12975483,-0.99069905,0.04096818,0.0;
	}
	NAME "Bip01 L Finger0"
	DEFAULT_POSE {1,0,0,0, 0,1,0,0, 0,0,1,0;}
	{
	  0.32262123,0.71262395,0.6229626,0.016186, 0.55897987,0.387684,-0.73296815,0.007053, -0.7638434,0.5846948,-0.27326745,-0.045544;
	  0.32262123,0.71262395,0.6229626,0.016186, 0.55897987,0.387684,-0.73296815,0.007053, -0.7638434,0.5846948,-0.27326745,-0.045544;
